6.903685645701152396e+01
6.677593160916627824e+01
6.381415669209542330e+01
6.280338154639650838e+01
5.716009887956152369e+01
5.779075778545595199e+01
5.363790025467305611e+01
5.270604093683893865e+01
5.393098089286527852e+01
5.193343260845153253e+01
5.381526449068691420e+01
5.471286711792082258e+01
4.923740929596545612e+01
5.399821433281305616e+01
4.930471329546171688e+01
5.426888875056857131e+01
4.661658443013440944e+01
5.321200639824878920e+01
5.383780636572429046e+01
5.121698011700051723e+01
5.227213457137755626e+01
4.890656276500811828e+01
4.722076791516651895e+01
5.135172274584611074e+01
4.809131447482745614e+01
5.219569329893914755e+01
5.092065199512085627e+01
5.108022701576048519e+01
5.270908275423634137e+01
5.086061703468489981e+01
5.262755567747871055e+01
5.338678221898006626e+01
4.815656988086417556e+01
5.266673124528247030e+01
4.854224607341101461e+01
5.405699011473510041e+01
4.605286244843465937e+01
5.279875166165974321e+01
5.301612451495859091e+01
5.107582456530879966e+01
5.196950713027116109e+01
4.891987029371465923e+01
4.726128625436526676e+01
5.095904846349840511e+01
4.800901916791536195e+01
5.207101075403519985e+01
5.046807049409856205e+01
5.113449536495915737e+01
5.271722973563456094e+01
5.076733416492037065e+01
5.288962152935724959e+01
5.328967349460742042e+01
4.847471060592367564e+01
5.258536308646760915e+01
4.848108250541985598e+01
5.395075988091740271e+01
4.615387130184164022e+01
5.265492535807322838e+01
5.314185895863274567e+01
5.134647107330941651e+01
5.208251197608030481e+01
4.890722692579647202e+01
4.755782908715060131e+01
5.123161827629748188e+01
4.835151987628611181e+01
5.210186364040925611e+01
5.057866998706251849e+01
5.086068219182620709e+01
5.254561395182057737e+01
5.065352235210012566e+01
5.298919188281575998e+01
5.374903905893300049e+01
4.829881281711030283e+01
5.258624771641932938e+01
4.801002284889417382e+01
5.410959181033388177e+01
4.645964518677335775e+01
5.279748204065535333e+01
5.338848106836088903e+01
5.078953924858859637e+01
5.185565654275670511e+01
4.895945078340735535e+01
4.753522420313294106e+01
5.124079462941203644e+01
4.819061622418080049e+01
5.211335522126336173e+01
5.033468837094559944e+01
5.108959706206782414e+01
5.256693204225924632e+01
5.055532146917196457e+01
5.255107121782343427e+01
5.336385290670200732e+01
4.811371809535400246e+01
5.261055885247291286e+01
4.860960936863301640e+01
5.434736887661760818e+01
4.616411539252666074e+01
5.276674795445246957e+01
5.348132055513539740e+01
5.114672221114904005e+01
5.206836826273926988e+01
4.894099529158952322e+01
4.770535259410242901e+01
5.093119718639638194e+01
4.813410600249356008e+01
5.198146951052400766e+01
5.019820910314826534e+01
5.077439543621049012e+01
5.264277913417240029e+01
5.109192309059751835e+01
5.259659153656946984e+01
5.382915621322104727e+01
4.834047373348629151e+01
5.262518028313347429e+01
4.842970815714504340e+01
5.399028389713582499e+01
4.599591793699796227e+01
5.254900679509952965e+01
5.312448454860792424e+01
5.149517592202226979e+01
5.208713627626737264e+01
4.892126285494146032e+01
4.754131749247646610e+01
5.068242331497572906e+01
4.805869261469755571e+01
5.172277565418468726e+01
5.032835117063351760e+01
5.081652435626947550e+01
5.245582262310327337e+01
5.098905100482396335e+01
5.282115300323950180e+01
5.377763359342294081e+01
4.853861900638819549e+01
5.247344832354235677e+01
4.830810909022603994e+01
5.410706056813148024e+01
4.602003441623721613e+01
5.257243794441448159e+01
5.302524389676874250e+01
5.129731772126601186e+01
5.198785999889545906e+01
4.889576418093923849e+01
4.744763432336763742e+01
5.117504258427288022e+01
4.790648638976801266e+01
5.215815800346176445e+01
5.027145329016569519e+01
5.095470331670451003e+01
5.245158541877159308e+01
5.099223282931163226e+01
5.264853423536484200e+01
5.357188007244203476e+01
4.811989292207199753e+01
5.264832964927737891e+01
4.842700047870646074e+01
5.416496573117143498e+01
4.626135370167586558e+01
5.265622714664743143e+01
5.308960951550641028e+01
5.124758392724031353e+01
5.182416208700828975e+01
4.874809127304275336e+01
4.741556130065747254e+01
5.132285293957983896e+01
4.833086581546626803e+01
5.204632123482856088e+01
5.045169041927935893e+01
5.100677714415473218e+01
5.274815545632464620e+01
5.054550088269416364e+01
5.280245520274674220e+01
5.380584623540340772e+01
4.835212640834308928e+01
5.282182539897006990e+01
4.824709527879288373e+01
5.392158990608906777e+01
4.582519362362390325e+01
5.266428353835640053e+01
5.298585014874298338e+01
5.114568808151292245e+01
5.187738014984848434e+01
4.879689546950962864e+01
4.740259694581457950e+01
5.087696417549248906e+01
4.822841749244895482e+01
5.182788046895614542e+01
5.062827059428382626e+01
5.106136199864820924e+01
5.270377077823606271e+01
5.073618681421508114e+01
5.268121533259370892e+01
5.331891733186652260e+01
4.820050908540413559e+01
5.263407278466927863e+01
4.827416646975573400e+01
5.387766425848020901e+01
4.607042700133383306e+01
5.275197023915670513e+01
5.309095756451322501e+01
5.161753220750095750e+01
