7.538483773906428098e+01
7.247589307880771514e+01
7.092497032355545628e+01
6.892280437568017248e+01
6.797467684219270723e+01
6.679796286419995965e+01
6.384806530571890448e+01
6.243726385354894148e+01
6.042366604157887622e+01
5.320490165716299913e+01
5.087079975426048861e+01
5.170140272136013948e+01
5.546663292859670236e+01
4.912411229503897658e+01
5.360148064036822291e+01
5.496139719469279328e+01
5.377473410036660795e+01
5.017312726283802959e+01
5.191213125569293396e+01
4.982615607650431144e+01
5.247743477565779813e+01
4.894049833455820675e+01
5.138884320125141869e+01
5.113846919501231980e+01
5.026283071018048076e+01
5.511569150502495518e+01
5.016949364071394513e+01
5.333778455646530148e+01
5.472489457581254868e+01
4.894280119473292956e+01
4.862972072338664731e+01
4.998804744556699120e+01
5.473820318337199353e+01
4.846132974193187692e+01
5.300617055340061512e+01
5.435997173168635754e+01
5.357395135000239605e+01
4.999933337627422958e+01
5.178209206838407397e+01
5.002049161070592476e+01
5.199604510049098849e+01
4.857228940085022373e+01
5.097810871490533913e+01
5.098570967723478020e+01
4.973608289258996962e+01
5.516145065851939222e+01
4.992762734877668862e+01
5.406067266318434861e+01
5.414896895024856605e+01
4.897029846827509658e+01
4.869722726993359174e+01
5.026093316589731330e+01
5.482304707076212225e+01
4.841326034959325142e+01
5.234165795920804953e+01
5.461101802435904062e+01
5.346602447880505338e+01
4.955147134302266920e+01
5.199454377748627820e+01
4.972471951661185585e+01
5.197133411936569303e+01
4.817916306395257919e+01
5.098151265720761671e+01
5.123872607533694890e+01
4.985210336059044067e+01
5.500765116091528029e+01
5.015251482786889881e+01
5.368917659274381293e+01
5.414374022609741388e+01
4.855997157205625570e+01
4.860781224366796494e+01
4.999043354288284746e+01
5.471900650614359307e+01
4.863696762081167435e+01
5.261433880279133746e+01
5.457575511110781008e+01
5.359606253267649834e+01
4.976197466549665904e+01
5.199788500307759165e+01
4.929137986345602940e+01
5.246910462430613364e+01
4.808532378961425735e+01
5.095835482344327971e+01
5.087498274948626431e+01
4.987228002976954855e+01
5.515948065672734657e+01
4.983664253844919045e+01
5.379223597966133497e+01
5.426454742101607565e+01
4.867747886716744432e+01
4.855436249299063434e+01
4.985195824187250224e+01
5.464900876412689712e+01
4.824916821918867527e+01
5.245009055049794000e+01
5.453120440548576653e+01
5.341287248773882368e+01
4.982620452016735157e+01
5.196279925940702782e+01
4.953862461287777563e+01
5.225781994207878256e+01
4.842457810243830352e+01
5.112609503335833949e+01
5.100254274806938781e+01
4.981153087634078247e+01
5.509673392399660941e+01
4.981170709244030093e+01
5.351765812374897280e+01
5.433608325345772272e+01
4.869086134484969364e+01
4.862395923986797897e+01
5.030290159754061108e+01
5.513182188064081402e+01
4.833187056042191898e+01
5.230575966196553139e+01
5.462528224336664096e+01
5.339979695652383640e+01
4.974575023218834247e+01
5.137206894732834428e+01
4.924590843131591811e+01
5.200347759237253342e+01
4.789891549542083027e+01
5.084574880444660039e+01
5.087094026901385746e+01
4.959818955019182596e+01
5.474824925130872089e+01
4.999782298299976446e+01
5.419882010921965332e+01
5.433645631464051462e+01
4.874926897845006124e+01
4.849624669348767725e+01
5.048394416218143022e+01
5.467059022011074632e+01
4.850118491179624414e+01
5.236813763460263971e+01
5.464432265760983398e+01
5.345813876863988412e+01
4.987041378125796598e+01
5.159746664531352423e+01
4.918854312215383828e+01
5.258752741495962368e+01
4.817291648130858306e+01
5.069971271657663436e+01
5.054150749604875159e+01
4.952440051010766808e+01
5.491394957200770932e+01
4.983040706054971025e+01
5.322275125007275420e+01
5.402656736653808167e+01
4.873461088230605753e+01
4.846380220240004633e+01
5.010425279448048030e+01
5.463356593002220762e+01
4.841691978197280832e+01
5.237822829095442501e+01
5.462458350997420808e+01
5.338217984144581862e+01
4.983354738322194777e+01
5.172382940263864270e+01
4.948903749392088258e+01
5.204163319463638260e+01
4.843302776255257669e+01
5.099818134754683996e+01
5.092241070216034160e+01
4.971252583514522883e+01
5.509779329600749520e+01
4.978013164198490159e+01
5.337433413401863191e+01
5.415751923044037852e+01
4.861073796276862424e+01
4.843887306849908470e+01
5.009253013327079884e+01
5.444956415264097416e+01
4.836250408574627357e+01
5.244980419419185580e+01
5.441427465540935771e+01
5.321003725210961477e+01
4.979682621282486110e+01
5.178555048243714509e+01
4.928431791802259454e+01
5.200420353658890349e+01
4.832171929750910522e+01
5.063254345684621427e+01
5.090587481894794308e+01
4.969598273363514807e+01
5.521708813632676538e+01
4.995715189707546955e+01
5.406187790090064738e+01
5.452741609777434206e+01
4.888934722348851381e+01
4.836983703211256369e+01
5.013103211610093979e+01
5.442315994951537306e+01
4.861503149815016656e+01
5.242494234794334318e+01
5.432389709926553678e+01
5.370616829505610212e+01
4.982022063187650929e+01
5.170939428918425307e+01
4.965438144595240288e+01
