6.642649003774319105e-01
6.401523496683028114e-01
6.129998500468409883e-01
5.806996429732693699e-01
5.397911132993368222e-01
4.927505960837844090e-01
4.458057053846221640e-01
4.097026720426125146e-01
3.887572589794117683e-01
3.815982462542116815e-01
3.796622127295664617e-01
3.795824143892262970e-01
3.814499908572507869e-01
3.804568286532834520e-01
3.801526607972673388e-01
3.798739742659971164e-01
3.790658016593597135e-01
3.795290946049196257e-01
3.800923785177173775e-01
3.795861785609686012e-01
3.790868850332769213e-01
3.790242309182726976e-01
3.796035038966011355e-01
3.791618133212540376e-01
3.788445933824134970e-01
3.788098543017359709e-01
3.792117650952143704e-01
3.787402051953230320e-01
3.788597529527098495e-01
3.788652497087025006e-01
3.785610701686266122e-01
3.789890232575625073e-01
3.784489751878878927e-01
3.777013797009718399e-01
3.777632044714114290e-01
3.774874262844271078e-01
3.767845600738325418e-01
3.760311825994503976e-01
3.758713521227197152e-01
3.742009616282520046e-01
3.726354571620885681e-01
3.735529451950395652e-01
3.716007631716997106e-01
3.709560587729340830e-01
3.715251314043029884e-01
3.709067164874661482e-01
3.719024983358092951e-01
3.710353857991587345e-01
3.706714029311418690e-01
3.711965277580261957e-01
3.708632144282321130e-01
3.698844616120632867e-01
3.704780659740564697e-01
3.701775486196244858e-01
3.698013167094437725e-01
3.700196884961149402e-01
3.698338819184685544e-01
3.701591097607890291e-01
3.704307854436177383e-01
3.697644806402106132e-01
3.699577822452613241e-01
3.698327731006997299e-01
3.698910971414479665e-01
3.695138986645090107e-01
3.702536847187762881e-01
3.701880266769905226e-01
3.701903973272317461e-01
3.695794393586093740e-01
3.698937014424363290e-01
3.694569319957895503e-01
3.704319520404921184e-01
3.691271170175691174e-01
3.700759830916140469e-01
3.689014396210223978e-01
3.693970802520424312e-01
3.687024070663960651e-01
3.694815984372264439e-01
3.693808284022303545e-01
3.696248690123211667e-01
3.690657406818683706e-01
3.690766092617477345e-01
3.695675142533493274e-01
3.696653610063298512e-01
3.693077470272344565e-01
3.688780054557674881e-01
3.686484917261961258e-01
3.694374561002675694e-01
3.685696606146477428e-01
3.691540633651456682e-01
3.692623067299012907e-01
3.688873108034623205e-01
3.688523796217573203e-01
3.689420679263335501e-01
3.691391723322079987e-01
3.685609648230495639e-01
3.683218987333639061e-01
3.692138022105154738e-01
3.686004512772882991e-01
3.687696128305105181e-01
3.686244682309969822e-01
3.686962995528571541e-01
3.690311319451428651e-01
3.679847770916530592e-01
3.684879109524662466e-01
3.689421050159960580e-01
3.691160444822324527e-01
3.684796354373967575e-01
3.690465527685733438e-01
3.685388780914841123e-01
3.680198796109970250e-01
3.683473850431112639e-01
3.677855306983948136e-01
3.684011617917847814e-01
3.684834629194143618e-01
3.672713826985162244e-01
3.675849262242565363e-01
3.675892491719393029e-01
3.672248106404935597e-01
3.660886969847106376e-01
3.658602150091386229e-01
3.663434869841116770e-01
3.665885708926756026e-01
3.660759543165122420e-01
3.664210629113317519e-01
3.657801953922937277e-01
3.653659177634657196e-01
3.653499404063491607e-01
3.659438726868955993e-01
3.658833826362834496e-01
3.648295674039397918e-01
3.652142109617475541e-01
3.649010181269621289e-01
3.662417416021273575e-01
3.651511697910508891e-01
3.657662439351642147e-01
3.650878151973582786e-01
3.661370638619482198e-01
3.657988421490945274e-01
3.655000218467485129e-01
3.653278171155464604e-01
3.651350660412820415e-01
3.656510408310644222e-01
3.656239792331832938e-01
3.658523588541108262e-01
3.653884847748584130e-01
3.652124896007620247e-01
3.646511309739549622e-01
3.655010866539313286e-01
3.651692821705950220e-01
3.660077570868485730e-01
3.649560006182384075e-01
3.657749244040087166e-01
3.655160071207239070e-01
3.656525221421698113e-01
3.648922432641192315e-01
3.656061667908541701e-01
3.648138077096362286e-01
3.658047674902535351e-01
3.647765118121544803e-01
3.651639469068514998e-01
3.654559388195475766e-01
3.651611434688452063e-01
3.652481702343605141e-01
3.658853267886746918e-01
3.654969124695668925e-01
3.648630047397874443e-01
3.650124155133424031e-01
3.649547134820843031e-01
3.658190746349882505e-01
3.653863330681685895e-01
3.649486016992848358e-01
3.647356517733099102e-01
3.650457925722790375e-01
3.647508279640768736e-01
3.649771258934937368e-01
3.653212721865807255e-01
3.653200605353604802e-01
3.650555588205802726e-01
3.648317888222338268e-01
3.647667954403709945e-01
3.647232620329281527e-01
3.646341523640350135e-01
3.652225705508597708e-01
3.647278615557423831e-01
3.648612474086748159e-01
3.650111111089548999e-01
3.650537311447094591e-01
3.653605745799262117e-01
3.650518574747425582e-01
3.646825096703207869e-01
3.648065747912674905e-01
3.649065228747733203e-01
3.640433067063512107e-01
3.646819738292652602e-01
3.651050360402833816e-01
3.645640454841271305e-01
3.647637555740508297e-01
3.650095725994315643e-01
3.644222391706717357e-01
3.648670156827483746e-01
