6.389523269052634902e-01
6.112607179764493193e-01
5.819733308989479825e-01
5.481147341007422957e-01
5.099824682011783183e-01
4.679795087720381996e-01
4.296284983155793102e-01
4.010474005154442967e-01
3.891483831120729486e-01
3.869835438268738881e-01
3.863336673472372307e-01
3.870928010716533363e-01
3.878395540088038773e-01
3.876879807315927184e-01
3.867240174995226765e-01
3.878594017693136053e-01
3.872511061248088970e-01
3.871608609386809063e-01
3.865233609926256308e-01
3.866796887287942130e-01
3.868634577879875858e-01
3.871505286956088421e-01
3.865507439782502885e-01
3.867128793519983843e-01
3.861530097331409839e-01
3.854943801546110715e-01
3.863887092732217754e-01
3.857821919250755127e-01
3.860408632870492296e-01
3.859556202442119832e-01
3.858869956639989773e-01
3.851494029284016074e-01
3.858052401979031321e-01
3.857929663767795114e-01
3.855478918975253633e-01
3.865161183400851463e-01
3.849874731892802826e-01
3.848413317501994113e-01
3.844478871257226982e-01
3.845458940118655078e-01
3.847557505201539274e-01
3.832887908404963295e-01
3.819423433298420045e-01
3.813693377122472361e-01
3.785680023211991929e-01
3.788388449701889926e-01
3.786515988259910315e-01
3.786804388611672012e-01
3.779251924766174886e-01
3.784368480481571373e-01
3.774029600552351593e-01
3.777456120112751559e-01
3.776128805525254539e-01
3.778809710665521626e-01
3.768666811084915857e-01
3.777172813839283494e-01
3.770020082844461884e-01
3.778963289992925412e-01
3.773507728265073635e-01
3.771675979787827426e-01
3.771447274395432481e-01
3.773612780583235904e-01
3.773226771218338160e-01
3.768301426464725212e-01
3.756101100687745387e-01
3.771992180001320083e-01
3.764633817740948296e-01
3.762715213650941193e-01
3.768883503747303410e-01
3.767772772774995449e-01
3.763518324245375690e-01
3.761016279189021705e-01
3.761288198287328077e-01
3.763090923806611809e-01
3.761904915645097325e-01
3.767046877832755936e-01
3.751860380016872054e-01
3.766474599916555532e-01
3.754833273377949365e-01
3.761973517917339693e-01
3.759206387740889332e-01
3.761957836122758470e-01
3.763067967866117192e-01
3.757178022090379432e-01
3.750005587668099882e-01
3.749613673923687940e-01
3.756745022720990868e-01
3.752438550390563288e-01
3.761248253421894394e-01
3.765435664503209434e-01
3.756002742697399088e-01
3.752945184219750874e-01
3.753927031923465774e-01
3.759177927898184612e-01
3.752023454783562362e-01
3.751848085970942437e-01
3.749308955428320989e-01
3.748540463248545840e-01
3.747561217652840004e-01
3.744786946666282534e-01
3.750717939080891461e-01
3.747296776277533326e-01
3.740122635907364157e-01
3.737434598641941053e-01
3.728952685365926056e-01
3.734620644114789445e-01
3.721064568950900320e-01
3.722277201392056867e-01
3.728292874920803301e-01
3.722649755975477315e-01
3.720002631661561421e-01
3.721095029740845161e-01
3.724177086365765832e-01
3.725362817036405594e-01
3.726965416589227975e-01
3.732697212276033794e-01
3.719111501736342418e-01
3.726978023673699902e-01
3.721710025065205762e-01
3.717119715005401392e-01
3.723443698345384467e-01
3.727702538093282669e-01
3.719502996234766434e-01
3.725158865121905305e-01
3.710320651872853204e-01
3.727203798153933545e-01
3.713193394091536259e-01
3.722681980056927187e-01
3.716408755375931738e-01
3.716996593839596019e-01
3.720873401498320243e-01
3.718897438136744560e-01
3.720154562286677735e-01
3.727337059744543213e-01
3.719558264259387181e-01
3.714029566918297109e-01
3.720466157004744812e-01
3.724279556466396079e-01
3.714057411136750253e-01
3.718039294120127902e-01
3.717810704045431680e-01
3.718678388316873917e-01
3.720158889759258014e-01
3.721830621393381611e-01
3.718646687918051863e-01
3.713437006362970139e-01
3.712206117728524268e-01
3.720197228188881766e-01
3.712706083648090738e-01
3.713362473606404146e-01
3.713970904164582976e-01
3.711390345479473329e-01
3.717293523519041853e-01
3.716131660887392885e-01
3.717064110740138649e-01
3.710838228867515687e-01
3.717561332645820671e-01
3.718204748405955495e-01
3.711770709901090481e-01
3.708511468598649774e-01
3.710489892251780386e-01
3.716773423709409108e-01
3.715107284086301420e-01
3.712299087466170988e-01
3.713013288448157034e-01
3.712588894852009713e-01
3.710702092563095689e-01
3.716722546495581647e-01
3.706850874471485646e-01
3.707948041899484237e-01
3.712637973593853058e-01
3.716778285646023527e-01
3.712338039799629175e-01
3.710646376098962751e-01
3.707244060433154131e-01
3.716655450847178854e-01
3.711581122680739919e-01
3.718318474935347617e-01
3.705925163253136478e-01
3.711503880945236089e-01
3.712534000262762146e-01
3.714588892846379387e-01
3.712908626716220351e-01
3.712861274788203936e-01
3.707523111481680900e-01
3.712555743263185604e-01
3.708298256005145843e-01
3.710006655069538195e-01
3.707187066694441202e-01
3.716294865039432849e-01
3.719181254700580919e-01
3.713462691930475290e-01
3.708479574252028788e-01
3.712354003696897164e-01
3.716553506091679338e-01
3.707791938484482630e-01
3.707987420987879923e-01
3.706806709812875966e-01
3.716683184008742757e-01
3.709652651238279364e-01
