6.939107395420338609e-01
6.683734805062860884e-01
6.427869532168041244e-01
6.144211993607049394e-01
5.808898941656202020e-01
5.405163500276580768e-01
4.935192816974772745e-01
4.480171405650260619e-01
4.099422613465947274e-01
3.898577833945157112e-01
3.821172226744104505e-01
3.812728042592839484e-01
3.820872414778951898e-01
3.837674617936809307e-01
3.831378034696111823e-01
3.823129090892488646e-01
3.822080477490270023e-01
3.814084427762615692e-01
3.822584844055000874e-01
3.823627824764187499e-01
3.819770231691624884e-01
3.815201912143986740e-01
3.823412298903955953e-01
3.829311368297133589e-01
3.813378792230237013e-01
3.806746935583530944e-01
3.804413317895283808e-01
3.810422103861043630e-01
3.811723008604591123e-01
3.804755508703693279e-01
3.798249229375409985e-01
3.797708920583642289e-01
3.802987867000278133e-01
3.809589548860390362e-01
3.799879764318749298e-01
3.797155813055261286e-01
3.801915094705375364e-01
3.804479527841100328e-01
3.803683008625434736e-01
3.802099463710241767e-01
3.804655295143168359e-01
3.797540990429922880e-01
3.800666070010280118e-01
3.815058636908471024e-01
3.799955581294169882e-01
3.792470517481123515e-01
3.797554523779159141e-01
3.797911892977104964e-01
3.793154546243284186e-01
3.793870984479189024e-01
3.792243460727299786e-01
3.791511469368559206e-01
3.799789858715760804e-01
3.794098514383769660e-01
3.789646858561358522e-01
3.788422567593215384e-01
3.795372291779163798e-01
3.788230867370826482e-01
3.787412221613690733e-01
3.792065673089550781e-01
3.790212511998763967e-01
3.787736616280366619e-01
3.791641078380331709e-01
3.804634705541458661e-01
3.783680317559364181e-01
3.785205458731972228e-01
3.787431857243630517e-01
3.782942645095265788e-01
3.783961711506156900e-01
3.777700952931675737e-01
3.777012755830463919e-01
3.777201161671017715e-01
3.775336921608112850e-01
3.768082344746025991e-01
3.765499968651917495e-01
3.755962885753973968e-01
3.758921971869553791e-01
3.740918666130041426e-01
3.727419492696636416e-01
3.710873975550168513e-01
3.709447920405955501e-01
3.708383033894314673e-01
3.709480147353814705e-01
3.707968438754896678e-01
3.706294013287865785e-01
3.706851265400502582e-01
3.701197841716736270e-01
3.698230316565356834e-01
3.695624997330867467e-01
3.699066227038535493e-01
3.694769263200261000e-01
3.697702862711501615e-01
3.693806870905338435e-01
3.692000465786840491e-01
3.690438870299326268e-01
3.688366407557983617e-01
3.694313110227127050e-01
3.694889938805162033e-01
3.693998109751627235e-01
3.693972232225188890e-01
3.693498662572538560e-01
3.692407760906621927e-01
3.689700675400081620e-01
3.691363955921998508e-01
3.691434199013647888e-01
3.691067308879996678e-01
3.687296125514794576e-01
3.686949781197847442e-01
3.688466435666431509e-01
3.687993756835217796e-01
3.686838249085416241e-01
3.683210881461239095e-01
3.683252511292083864e-01
3.683276624284421152e-01
3.685168454865442311e-01
3.683699038692769823e-01
3.682681371492088629e-01
3.679276237107435565e-01
3.684457501426809944e-01
3.675877940428294299e-01
3.679373679293778676e-01
3.674685315718445588e-01
3.672412029803407418e-01
3.665759304124768803e-01
3.659517323605440686e-01
3.667809371137182306e-01
3.664433097382000515e-01
3.669940645251882905e-01
3.662529080992248942e-01
3.655887193373043575e-01
3.661151851972122007e-01
3.652433529217498087e-01
3.664712385599244171e-01
3.660414498678655759e-01
3.665216090212601308e-01
3.661197967452943236e-01
3.659844797725416154e-01
3.666467303238025166e-01
3.664333810352726761e-01
3.659813217687892806e-01
3.656117026707060291e-01
3.657387787560553716e-01
3.658055366572693923e-01
3.660906010032842217e-01
3.664352105825354755e-01
3.655706730311968911e-01
3.662422514490850656e-01
3.652229073091247114e-01
3.652921856241768128e-01
3.663410362775364471e-01
3.653974781520081816e-01
3.653290779630105067e-01
3.661827902106010724e-01
3.664793363574543883e-01
3.654923598828633824e-01
3.646523691255721955e-01
3.655441688843063530e-01
3.658572686968655230e-01
3.673613318837016806e-01
3.654874332854047281e-01
3.659611833461973163e-01
3.660200722262410000e-01
3.650177659808956920e-01
3.655909731086275372e-01
3.667312702130781643e-01
3.654553347788254691e-01
3.647884829561810482e-01
3.650617395446960622e-01
3.651328703351780502e-01
3.662439615046861885e-01
3.649760608042621479e-01
3.656444416540514109e-01
3.660375872348270443e-01
3.652104792154396429e-01
3.650341058455982557e-01
3.655163189996853412e-01
3.654236805387175990e-01
3.656643023868096365e-01
3.645505800253806550e-01
3.664443835663803717e-01
3.654594550608213366e-01
3.662429831974777783e-01
3.653102626879656811e-01
3.656599393060259717e-01
3.654025470187061697e-01
3.654408821758572401e-01
3.654674359823062990e-01
3.653493788960353039e-01
3.661240818990262880e-01
3.652080196905924669e-01
3.658498503421117043e-01
3.657679188661785430e-01
3.654972639950787028e-01
3.657576141852742491e-01
3.653468618497476283e-01
3.647268744376640504e-01
3.652035622879472587e-01
3.652284521877737222e-01
3.653482517279782460e-01
3.656117406157137761e-01
