6.745313566940752681e-01
6.523810026107905724e-01
6.268277021878498889e-01
5.961017798564824943e-01
5.586893891739524998e-01
5.138686005542889568e-01
4.659447427709521583e-01
4.231347315337138926e-01
3.963527958232437309e-01
3.850503868231024973e-01
3.821205866462040746e-01
3.820463981062147685e-01
3.828051176703556879e-01
3.829092912148953642e-01
3.828234513463822375e-01
3.829885979751215253e-01
3.830902422757977988e-01
3.825799867660332199e-01
3.825029526704265548e-01
3.824254897120251129e-01
3.826883716744328146e-01
3.824204855068323861e-01
3.821455155407607052e-01
3.828243716569509347e-01
3.824656527006415896e-01
3.825656005551420491e-01
3.820104113257125622e-01
3.821293577057264246e-01
3.825001498383973075e-01
3.817477156291253504e-01
3.814352534776568326e-01
3.814734520250610550e-01
3.811525114995658603e-01
3.812614157404737858e-01
3.811763370024854325e-01
3.819367393203355054e-01
3.822268488878076687e-01
3.811639109186036878e-01
3.815073143295756863e-01
3.813380466192076712e-01
3.815043412095857067e-01
3.819765910895435157e-01
3.810966978538845584e-01
3.822760711542718681e-01
3.812507340287781821e-01
3.808893989358330123e-01
3.813601142507035413e-01
3.817051064389786474e-01
3.813427493399830226e-01
3.802753441236538245e-01
3.801586634738466919e-01
3.806132870825836290e-01
3.808032643951777541e-01
3.806198895723345021e-01
3.808440613708687916e-01
3.805795699955149547e-01
3.805243401611008158e-01
3.804052464595389926e-01
3.805823738212503748e-01
3.810054821532847247e-01
3.802496484873348903e-01
3.806731070212086010e-01
3.800709750335825032e-01
3.814285629473096462e-01
3.804760904706022129e-01
3.801824286851014922e-01
3.806998444022301475e-01
3.808828406239153641e-01
3.807123696429716153e-01
3.800850604022022461e-01
3.801519973892460991e-01
3.804044829328292465e-01
3.799537892167745845e-01
3.799830557252705798e-01
3.800281671000155237e-01
3.809959179705465493e-01
3.803322019479808414e-01
3.796656052488410205e-01
3.803754363338019973e-01
3.805507677308109793e-01
3.794639407493950456e-01
3.805274634417073476e-01
3.799134028394247076e-01
3.808846539750941895e-01
3.800465110030383786e-01
3.802924746246545973e-01
3.798632561676639763e-01
3.799762836942337518e-01
3.802345623692252596e-01
3.791010070412433874e-01
3.794581542778110994e-01
3.798207807011872439e-01
3.792916383582323192e-01
3.790920600424013132e-01
3.796514804032805057e-01
3.793172561925335917e-01
3.796183954992487508e-01
3.798612461344331170e-01
3.799308252139855790e-01
3.797740888585711128e-01
3.798766689837456689e-01
3.798135811765362413e-01
3.797889535975967901e-01
3.805005636164623395e-01
3.798226576511229968e-01
3.800638545451016648e-01
3.796858218676964492e-01
3.793858975423522462e-01
3.804563350611742112e-01
3.788815196981077937e-01
3.795138782058212201e-01
3.796392572174213109e-01
3.798956052305473285e-01
3.794515995395642549e-01
3.801045536011654069e-01
3.797993463446640572e-01
3.795925368546338441e-01
3.790908637220496424e-01
3.797688139145073416e-01
3.798231007809627080e-01
3.786410674300721424e-01
3.795115338303778341e-01
3.789101389761072580e-01
3.800810763131715064e-01
3.803732746859592173e-01
3.800575173698019227e-01
3.794246411269728281e-01
3.796218469937798767e-01
3.792924822893199432e-01
3.790000586869829435e-01
3.794286964230541570e-01
3.807614732351634057e-01
3.785521461937959020e-01
3.791662116881302502e-01
3.795819295978466457e-01
3.804207724012303449e-01
3.786333225654932022e-01
3.796617604246287359e-01
3.795809493002982316e-01
3.792228350884082055e-01
3.791701818379213940e-01
3.800161385761384736e-01
3.790179416177940075e-01
3.798310419546536698e-01
3.790659669530783149e-01
3.788524791922474599e-01
3.794953218961530372e-01
3.794503037099933307e-01
3.808806048696739555e-01
3.789291309420897980e-01
3.787022714928716116e-01
3.796440763626513504e-01
3.783194416175243435e-01
3.793252376965187134e-01
3.798534745477736840e-01
3.794378256606068534e-01
3.789288670145208870e-01
3.791424996841061268e-01
3.795021595948916970e-01
3.794289751573543534e-01
3.780629947158339887e-01
3.795757699854712675e-01
3.781440881314813707e-01
3.799492119961822012e-01
3.789277453269838669e-01
3.784133403860971412e-01
3.791461871144958251e-01
3.790782626929711241e-01
3.804293262692000077e-01
3.783394704670287045e-01
3.791933607302926390e-01
3.794837854516972531e-01
3.785877736394775428e-01
3.785707036765785238e-01
3.785274211597457472e-01
3.792838093781713549e-01
3.787013663513991157e-01
3.793007021788873390e-01
3.793941960533342428e-01
3.784730075773853897e-01
3.789230964350568942e-01
3.789831030710674731e-01
3.788910896687293639e-01
3.806004715705187391e-01
3.791090546871213607e-01
3.790931934166191231e-01
3.785627815278480024e-01
3.789901294098078077e-01
3.796214015726112612e-01
3.784723089118248174e-01
3.792178012248323959e-01
3.790206281055342741e-01
3.782560916617275226e-01
3.792314449267910059e-01
3.788786828342022295e-01
3.788982841777581712e-01
3.792463975911536389e-01
3.788282779930494115e-01
3.794799658562693634e-01
3.791077983430662379e-01
