7.030170965462581023e-01
6.779648881897111234e-01
6.549186255317652749e-01
6.280762033572645509e-01
5.984299031419630932e-01
5.619261669265576131e-01
5.173352858131665677e-01
4.686940280567769013e-01
4.254671755589554127e-01
3.967059627575698078e-01
3.843888207499930321e-01
3.814844538379708605e-01
3.817760917320355274e-01
3.821213316037666008e-01
3.836737666473357677e-01
3.830038812842552209e-01
3.816450590804244536e-01
3.812256393367976504e-01
3.810713581466675937e-01
3.819855187299746602e-01
3.816766130907588428e-01
3.814843119230132973e-01
3.809629924850896354e-01
3.804152835332892391e-01
3.808034336418337218e-01
3.805973218160473848e-01
3.806573781162934100e-01
3.804878890213237996e-01
3.813201881143770122e-01
3.804811265590228864e-01
3.806258739077990616e-01
3.806256395664409653e-01
3.803548130931592164e-01
3.793831277236981991e-01
3.800413918245768019e-01
3.798153824376838128e-01
3.796526048781925233e-01
3.799190167979549781e-01
3.790411461725273212e-01
3.794195554340931698e-01
3.795852431138261873e-01
3.798463582372781366e-01
3.787811290019166832e-01
3.790750024912570293e-01
3.782326073244627884e-01
3.777944757190260239e-01
3.768828742996404024e-01
3.763722370338569712e-01
3.746097500121753909e-01
3.742421591293139671e-01
3.740054678962315138e-01
3.748180877627506624e-01
3.735701875406244876e-01
3.729114407486053828e-01
3.732752019805617993e-01
3.720191872330294025e-01
3.735395751189536928e-01
3.722529301109511191e-01
3.724478376715908978e-01
3.731265665225354522e-01
3.722854334151361466e-01
3.716631108739786860e-01
3.716674533855410245e-01
3.723745622408812794e-01
3.718713886027771309e-01
3.716314880983545565e-01
3.711239674638205366e-01
3.715369167956321106e-01
3.710033266406273511e-01
3.709852844516145498e-01
3.713514879856723572e-01
3.713382847561980116e-01
3.707508057209208396e-01
3.715612236877411378e-01
3.708220801806468292e-01
3.707315909124851983e-01
3.706232676165520656e-01
3.706272023675047933e-01
3.693196642201977964e-01
3.713746045690418662e-01
3.701139159874544671e-01
3.709935644295177526e-01
3.700282339473641158e-01
3.697961622902793399e-01
3.702350565015526396e-01
3.697660573568254949e-01
3.698794094733538484e-01
3.701264564265034362e-01
3.699639266017901718e-01
3.702446116687487798e-01
3.694935425043882060e-01
3.698613068027558071e-01
3.693549771486818178e-01
3.699655289297359984e-01
3.696631705749610086e-01
3.689585637155562980e-01
3.699911740136366811e-01
3.691863225255997971e-01
3.695131390318945885e-01
3.703299037451687759e-01
3.689900278572812442e-01
3.697541083254918259e-01
3.692941393271680361e-01
3.690862953166482718e-01
3.700429786518092956e-01
3.697395315811419225e-01
3.687753387726412369e-01
3.685423973106863316e-01
3.691233904393256826e-01
3.689321495340804891e-01
3.686128774265396424e-01
3.693576820762835555e-01
3.689587432075034368e-01
3.690501631735521038e-01
3.686730055681577967e-01
3.687877584801542152e-01
3.693531802455241042e-01
3.690751963078157671e-01
3.690292879695748485e-01
3.694489212714303084e-01
3.686573079824289612e-01
3.685930117589593658e-01
3.686676085192726604e-01
3.682892162348403997e-01
3.689837722710195278e-01
3.688137929605929677e-01
3.689261037012198097e-01
3.684349047617783146e-01
3.683634855650325113e-01
3.687829466762792552e-01
3.680532200272790266e-01
3.691262606595448470e-01
3.682355214560585344e-01
3.689207082541588467e-01
3.685727102028139579e-01
3.686717352720128571e-01
3.690553892070359554e-01
3.686211199384153425e-01
3.689564914401701756e-01
3.682273624261116485e-01
3.679604896822449289e-01
3.681387956879615397e-01
3.688388570278288148e-01
3.685783990043693392e-01
3.681876506019724493e-01
3.691493576703595014e-01
3.680979936608368974e-01
3.681789645796474941e-01
3.679217112002347578e-01
3.686868501523262176e-01
3.678173882252381288e-01
3.684474224894837002e-01
3.675438598188597861e-01
3.682257046687562596e-01
3.674657641172895395e-01
3.671949858121268950e-01
3.683516431104373878e-01
3.676338581974999409e-01
3.672341681100053656e-01
3.681905639178837952e-01
3.679820637480026302e-01
3.671837631135990709e-01
3.670043864202690020e-01
3.664967091514736985e-01
3.654885549395061051e-01
3.655633215383248258e-01
3.660267813292942263e-01
3.656642907231577588e-01
3.661994696485397771e-01
3.662319961594383000e-01
3.653417591762471717e-01
3.653117190932522185e-01
3.648106320884961784e-01
3.657448679752982601e-01
3.648832677384495349e-01
3.660297417823019650e-01
3.646928618916833176e-01
3.656754174774806687e-01
3.654262756692113201e-01
3.655899394946214298e-01
3.652215385732938691e-01
3.654628464369858443e-01
3.651378329554098578e-01
3.649440661657553653e-01
3.657440132979360992e-01
3.652104436050135905e-01
3.652191100739495266e-01
3.647328306943463661e-01
3.655130579013744496e-01
3.649840413257971483e-01
3.653699310001242706e-01
3.654458710588774917e-01
3.652609977236289662e-01
3.652244741674958717e-01
3.652647172577601631e-01
3.647042948625048298e-01
3.659989836473074298e-01
3.645353803147498573e-01
3.648107949180374177e-01
3.646496252415541428e-01
