7.145369894286958123e-01
6.806212097836216168e-01
6.521168316737967485e-01
6.246588848516115844e-01
5.948101057270436254e-01
5.609536396875605124e-01
5.197595811703282775e-01
4.749613848311357023e-01
4.336453600361048211e-01
4.033114273059063559e-01
3.896482250008606596e-01
3.869843768366715842e-01
3.866339213813181908e-01
3.876307700669350265e-01
3.886204918646527506e-01
3.887900776477443143e-01
3.884907037355759818e-01
3.883704302211049009e-01
3.882680412875654241e-01
3.886390332451564733e-01
3.876522939781407717e-01
3.878263233505195307e-01
3.877003705636722919e-01
3.877155373563646035e-01
3.881738418903764587e-01
3.882720202832450895e-01
3.871276278869161258e-01
3.873094989982655556e-01
3.876877286457756644e-01
3.874075368642584394e-01
3.872571751168115695e-01
3.872011341168616338e-01
3.868498209937938359e-01
3.872108055742056743e-01
3.875896995550278112e-01
3.869902449876544970e-01
3.875024852690659993e-01
3.868599084222215101e-01
3.867864577511868074e-01
3.867524863967153337e-01
3.864396806815550978e-01
3.867934045613519722e-01
3.864713201070918425e-01
3.865026065326414018e-01
3.868439587710479910e-01
3.861192443350309755e-01
3.861300963973519074e-01
3.862581448691343455e-01
3.863823060246909802e-01
3.860202148162248936e-01
3.862172698744270050e-01
3.855674521881932715e-01
3.858972628732742494e-01
3.858268930571550070e-01
3.861003641344150084e-01
3.857258539688976362e-01
3.857321371312871783e-01
3.855975050402342119e-01
3.865799306214746101e-01
3.860119779437578558e-01
3.849855922644822570e-01
3.856929784757004986e-01
3.847316272901158962e-01
3.852603780692357427e-01
3.856743786435983812e-01
3.851713359232301070e-01
3.848067939643615154e-01
3.856478704368569987e-01
3.855762233951678941e-01
3.854804904062395510e-01
3.857534867893414043e-01
3.849393791029432355e-01
3.854936538103506116e-01
3.853213618661586737e-01
3.856005347842014763e-01
3.849770255361273930e-01
3.851440814612107078e-01
3.849825603699392751e-01
3.851411983823270768e-01
3.860750388506833386e-01
3.847211123099467667e-01
3.849211922449160550e-01
3.848505931037163319e-01
3.850931488421119320e-01
3.847784316752504985e-01
3.851469925356402757e-01
3.850913429712455316e-01
3.846182355694801047e-01
3.837648667784048229e-01
3.850682744512419209e-01
3.846842951707152847e-01
3.847007202978154905e-01
3.848737985747524570e-01
3.852162299048159100e-01
3.849318243635149739e-01
3.842436544319131064e-01
3.845041019912798785e-01
3.848603808816994376e-01
3.845198076749217764e-01
3.846495592851838508e-01
3.836770545060295134e-01
3.843031235363515985e-01
3.837958074980625800e-01
3.849355393867165409e-01
3.842364003949226836e-01
3.839509625869276244e-01
3.840781212545506529e-01
3.845677275465768097e-01
3.842807247427049155e-01
3.846282131091272039e-01
3.846385183806149133e-01
3.840709305051813183e-01
3.843961480920220497e-01
3.842256472015153079e-01
3.851281482521792809e-01
3.846790770044094532e-01
3.849212794465257104e-01
3.843561405566631728e-01
3.839492960599265592e-01
3.846694573140413964e-01
3.843600492326325613e-01
3.839830793902486161e-01
3.832889750881328661e-01
3.845712551482669550e-01
3.847120289832589579e-01
3.830241912795937509e-01
3.839397345620886859e-01
3.845896480423586783e-01
3.833042786306165017e-01
3.834438523620944395e-01
3.841005604459378220e-01
3.837014690939657413e-01
3.839971289406720056e-01
3.844000878647342856e-01
3.849538910290231097e-01
3.835748531378448400e-01
3.837592086336505393e-01
3.839879923370106418e-01
3.835712449739129837e-01
3.846595799651578718e-01
3.836743114509369446e-01
3.830963983712640797e-01
3.835820312113908392e-01
3.844477027742813080e-01
3.835960758196064746e-01
3.832708058142615948e-01
3.845922017065258047e-01
3.834179447112560646e-01
3.831372868721352187e-01
3.839367741784618926e-01
3.844766605882581345e-01
3.835877053834374495e-01
3.837683257627026445e-01
3.839679073638556650e-01
3.839957000313916069e-01
3.828511686239053913e-01
3.842889703892182207e-01
3.839850288780363718e-01
3.832000944983778301e-01
3.837935268738257300e-01
3.835975616115374076e-01
3.833913607262818823e-01
3.825300661585282480e-01
3.846516206488271306e-01
3.839933968240578088e-01
3.838614071194046407e-01
3.839823347703019696e-01
3.834707805353043675e-01
3.840639681992884524e-01
3.832036404208537528e-01
3.834574634281851524e-01
3.830585895821898013e-01
3.832705723720321589e-01
3.839506438292568657e-01
3.836765253781489471e-01
3.835069573351266858e-01
3.836712303261902157e-01
3.831510453089887469e-01
3.840540590239719387e-01
3.830966986158186316e-01
3.825289872440441052e-01
3.836660305550442240e-01
3.825721955711687272e-01
3.842165934858418064e-01
3.837352960961852855e-01
3.832803892426790426e-01
3.834376262521815293e-01
3.827500122419242312e-01
3.836257841880643671e-01
3.829334221540457994e-01
3.834553456692194606e-01
3.832069063921031415e-01
3.829660476511432265e-01
3.841359733110708552e-01
3.835170812318248190e-01
3.829086712314916374e-01
3.835574861150010673e-01
3.837133084184518039e-01
3.832958030196481625e-01
3.836709264973661715e-01
