6.421279874202869831e-01
6.120458806904355287e-01
5.822316988750694255e-01
5.493139637535968678e-01
5.088655321452723035e-01
4.644489058936427939e-01
4.211507933166436235e-01
3.960046745721839678e-01
3.894951112865391862e-01
3.887870693378369658e-01
3.900216641545051766e-01
3.908001866247455824e-01
3.897023995869001167e-01
3.887255264133194221e-01
3.873826408057399751e-01
3.879391701263759651e-01
3.868853934381690785e-01
3.869293994418302463e-01
3.865298862455629481e-01
3.867988831234222546e-01
3.861687590219859412e-01
3.857263348454476048e-01
3.855157101849988610e-01
3.854112621356083901e-01
3.844978641039278888e-01
3.842901099907771179e-01
3.847585433593388449e-01
3.844174627372896613e-01
3.840118944003192425e-01
3.842289647168147249e-01
3.842935947381272976e-01
3.841805717879975823e-01
3.841352497978566261e-01
3.834222858563975378e-01
3.828745498164189409e-01
3.835108073458796674e-01
3.826803640476441615e-01
3.821369836288743271e-01
3.826483427478994392e-01
3.832186268365166404e-01
3.824851111344020338e-01
3.822773694817913626e-01
3.819109402492472660e-01
3.827216782882209567e-01
3.815668925320066518e-01
3.825044385147342574e-01
3.823382655940694153e-01
3.812762318090344715e-01
3.813864362802248942e-01
3.821587567370220984e-01
3.819335476149843811e-01
3.813961427909270951e-01
3.812118985792257719e-01
3.806139158042943782e-01
3.801600152492236595e-01
3.808723358598721243e-01
3.794597787112371501e-01
3.798684498802886722e-01
3.808963363953724035e-01
3.809630562886786032e-01
3.797014287499582141e-01
3.789826289201868592e-01
3.798847503407100090e-01
3.800126814471732062e-01
3.781761512901547495e-01
3.793530189369792027e-01
3.786021410212392913e-01
3.781675571723411844e-01
3.780331401246193046e-01
3.769763095834357536e-01
3.787665588797700100e-01
3.756966265115493364e-01
3.748894534908289722e-01
3.739245966037446633e-01
3.738683494138913543e-01
3.727996886201824789e-01
3.722728407808196249e-01
3.730311471742424057e-01
3.724425963148485508e-01
3.720671183052854381e-01
3.711343554226660402e-01
3.710851968583228078e-01
3.704165480917830933e-01
3.700038629668960244e-01
3.684318236447913231e-01
3.694659034472081438e-01
3.692075699232886810e-01
3.693476326794217224e-01
3.687089189721045046e-01
3.676336260028617020e-01
3.676070787770993609e-01
3.682059448111078548e-01
3.674992475616473131e-01
3.677860000814686114e-01
3.673513101712093110e-01
3.677818351233160810e-01
3.670846470838519671e-01
3.673092217043769092e-01
3.677675291544258984e-01
3.674879801678946900e-01
3.671895201599054692e-01
3.667381001645269034e-01
3.670934505250795787e-01
3.675011583904881363e-01
3.667464827371686442e-01
3.667778944327462765e-01
3.666198145609005921e-01
3.667015115986619334e-01
3.660449839763482149e-01
3.670788834080192520e-01
3.662855367093344472e-01
3.668002256453388732e-01
3.656043114051455434e-01
3.661837464378168150e-01
3.667993422189544384e-01
3.658034967753573952e-01
3.658622922893919327e-01
3.655159625016327074e-01
3.666156411595166698e-01
3.660775141760541640e-01
3.659724409609131923e-01
3.659554405393808940e-01
3.657528651668988107e-01
3.654783989279773992e-01
3.656822115303174359e-01
3.657379133379449754e-01
3.654544257257020257e-01
3.657935435138327529e-01
3.652828401559419236e-01
3.655756083684347790e-01
3.654219914581603446e-01
3.649920158752319455e-01
3.653906779027996099e-01
3.656880962622630071e-01
3.657722989076831466e-01
3.656003870846373238e-01
3.658752356194913125e-01
3.652173078413166740e-01
3.652318250630586793e-01
3.652571503598009972e-01
3.646263754730773021e-01
3.656922695335546591e-01
3.655239865114546793e-01
3.652940823271637050e-01
3.646277199811035485e-01
3.650346902264938742e-01
3.657117753617064593e-01
3.653455238096087188e-01
3.645536115449086179e-01
3.655859977393062787e-01
3.645772951552463392e-01
3.654651300386882462e-01
3.646970643651490929e-01
3.645778206831202795e-01
3.651329457361734976e-01
3.644619293369487645e-01
3.651687034365990736e-01
3.642101205553065491e-01
3.652765453710752896e-01
3.642334424676361149e-01
3.651315394113686108e-01
3.646359579424860997e-01
3.647263343939706748e-01
3.647772227384092902e-01
3.646036195558796655e-01
3.652992371118048975e-01
3.645030647556568582e-01
3.644978164310369029e-01
3.652649153469688104e-01
3.646493816589858605e-01
3.639180050954480272e-01
3.641146717148916467e-01
3.642244092115476395e-01
3.651710186279055748e-01
3.643091446830434843e-01
3.643650223920366638e-01
3.648920922897352370e-01
3.640229001633619177e-01
3.647030512503732225e-01
3.644247250719684916e-01
3.647104739947486518e-01
3.649171780125575193e-01
3.645173662044440821e-01
3.644353020535671117e-01
3.647997789321187900e-01
3.645693610765665671e-01
3.645032637902848593e-01
3.642120495171416450e-01
3.643872815091038220e-01
3.647203291945579351e-01
3.645279725416523675e-01
3.647752001578961067e-01
3.650385829635441892e-01
3.648404420029556783e-01
3.645378005371583408e-01
3.647166613382651912e-01
3.639740473099506990e-01
3.644164971518980556e-01
3.648601073215917423e-01
3.646157371959673488e-01
