7.235627882918484488e+01
6.932633990035989768e+01
6.590166133083916122e+01
6.322945919758986832e+01
6.320281960710860858e+01
6.032987282718868016e+01
5.568618396732782827e+01
5.466480303330632040e+01
5.169334773247055637e+01
5.296669865551169210e+01
5.413687146785848370e+01
5.370993839973920103e+01
5.211508150685383356e+01
5.067758566751869864e+01
4.786954894106849423e+01
5.044352090995486293e+01
5.220093554370228617e+01
5.626507949168958334e+01
5.283199938847691612e+01
5.130006795936461117e+01
5.223463516726878453e+01
5.281456738320736832e+01
4.663370638165918791e+01
4.950887490182348927e+01
5.255768196847210305e+01
5.161111514777927312e+01
5.050333203199220833e+01
5.132311228824675453e+01
4.925262158313678640e+01
5.230703977312276010e+01
5.300319615184361055e+01
5.285754295338318087e+01
5.104953473058377256e+01
4.986468434845913578e+01
4.724001282523416023e+01
4.984082013630628438e+01
5.139975426200218322e+01
5.486976834152224569e+01
5.232898195891456794e+01
5.126644237923280656e+01
5.237196582029566372e+01
5.251647884688730272e+01
4.615134902513926818e+01
4.945850600199534597e+01
5.225791980537589154e+01
5.138025268401184320e+01
5.028613582090333267e+01
5.098778041936451899e+01
4.841176553506164026e+01
5.159109843343631496e+01
5.243400140958070921e+01
5.197349894187407671e+01
5.019536192398138752e+01
4.913985158261482411e+01
4.671497969281025320e+01
4.938025836288417736e+01
5.100544775873097336e+01
5.500084277400881660e+01
5.163666172592974846e+01
5.050614350806495167e+01
5.211944998175758315e+01
5.172841293883012526e+01
4.580199512297485143e+01
4.904310500128592309e+01
5.211367801679072898e+01
5.102301041063279285e+01
4.959787211809210561e+01
5.088783749120591438e+01
4.856088445933477260e+01
5.134265057272177302e+01
5.203447440917766897e+01
5.227637114320769030e+01
5.033901619924997561e+01
4.877049536450290645e+01
4.657145751486451957e+01
4.910809923085513162e+01
5.093412121575249074e+01
5.486103160414833013e+01
5.180697306441493311e+01
5.101286410804684124e+01
5.170627783113803844e+01
5.179756908670402993e+01
4.556505799532786938e+01
4.854789345950035795e+01
5.169219539566927324e+01
5.078746579674101014e+01
4.933601293153183320e+01
5.030437187939710242e+01
4.868334946511962613e+01
5.085380523349882509e+01
5.196416684526053587e+01
5.199826226552231390e+01
5.015565074376645782e+01
4.847666937123109676e+01
4.630242946767511825e+01
4.913746311918863086e+01
5.071318576408735623e+01
5.451295097849405380e+01
5.168171627797406131e+01
5.049016953414448494e+01
5.168932835639736112e+01
5.180375042636254790e+01
4.525085731515779486e+01
4.823283820914129905e+01
5.177849390737187463e+01
5.035205739192088714e+01
4.945909952868763071e+01
5.040332829671795167e+01
4.801463563049423300e+01
5.130329719133236921e+01
5.215271963479752060e+01
5.173862964239905438e+01
4.993429583774089764e+01
4.830997997101576402e+01
4.633502777055767297e+01
4.915982835352810554e+01
5.052040189812886695e+01
5.438864036016565251e+01
5.153215663987444373e+01
5.063411423281959856e+01
5.120359816010488174e+01
5.178190836119447482e+01
4.540626409197415114e+01
4.851846436449365285e+01
5.147820638660076042e+01
5.039154221365615172e+01
4.935174920029346168e+01
5.061302500535950344e+01
4.789038678936785232e+01
5.109354613381553634e+01
5.207146626789989341e+01
5.213899461526802526e+01
4.955757883523988738e+01
4.874150744727734264e+01
4.602110346492918325e+01
4.875950029816922182e+01
5.027560084916405714e+01
5.486373004908682560e+01
5.158379812334102610e+01
5.038625488195244628e+01
5.127675338446578479e+01
5.143026434270151270e+01
4.531363972405002016e+01
4.838426965078482311e+01
5.173991435877690748e+01
5.067837885905375117e+01
4.946722541863632472e+01
5.030620811872409348e+01
4.788705484004076851e+01
5.132752361101469063e+01
5.233620864278707074e+01
5.163766874889122960e+01
5.017411280507528915e+01
4.853033171308525340e+01
4.589902262591795079e+01
4.913055015980583562e+01
5.052419314709403153e+01
5.466308476087419876e+01
5.132613974308242888e+01
5.017659637761261848e+01
5.134843248460359177e+01
5.152319224945678400e+01
4.494702836287501668e+01
4.865378965815447998e+01
5.152792271558556081e+01
5.038532801947087592e+01
4.919498102315743893e+01
5.044194309980009905e+01
4.848317796025951054e+01
5.113214162264725360e+01
5.212515233181692054e+01
5.177273405673867046e+01
5.007012763426966018e+01
4.866706421284746398e+01
4.605997913926515253e+01
4.898533879486348042e+01
5.058067436391661431e+01
5.434611787700924168e+01
5.116137418360126077e+01
5.025115912727518719e+01
5.133613375686398683e+01
5.174754610643460495e+01
4.518406683949419289e+01
4.837928205121725966e+01
5.142822576080128982e+01
5.083612694883004934e+01
4.937872772986640513e+01
5.048380780305706850e+01
4.802467923662737093e+01
5.107990861802979055e+01
5.205731707877691150e+01
5.218645825506289526e+01
4.956008116362540505e+01
4.886536162572388520e+01
4.619492121135486684e+01
4.868786435616415531e+01
5.021822747689606814e+01
5.464804469827659261e+01
5.126447238547746821e+01
5.044620862921129145e+01
