7.848100938609519073e-01
7.364515672706067884e-01
7.057186008420882617e-01
6.833679947149262635e-01
6.640071500660016390e-01
6.424034184322336971e-01
6.166002883152116310e-01
5.858453452965581842e-01
5.530581189503376294e-01
5.164407619451256704e-01
4.766163933445204948e-01
4.395807248062394978e-01
4.110825253738867313e-01
3.940414251134227719e-01
3.870928343312473041e-01
3.857397772384908996e-01
3.856732517859965403e-01
3.864671530181142955e-01
3.867320199945323278e-01
3.874393065543787484e-01
3.866617053696401740e-01
3.866218138282205841e-01
3.865838871603515248e-01
3.866492133141115062e-01
3.858436503183396704e-01
3.854081284185139067e-01
3.859875393621705619e-01
3.858378693747275823e-01
3.857391204089999359e-01
3.853866804560133197e-01
3.847227954865318766e-01
3.851999332261136777e-01
3.857996653702057688e-01
3.852231973459834258e-01
3.847766877121359674e-01
3.847458537976747861e-01
3.851589905287324811e-01
3.849515654907092466e-01
3.842337722822026236e-01
3.847395166972141789e-01
3.853018514692854168e-01
3.851581916930827409e-01
3.850718727352747117e-01
3.840945115333669335e-01
3.845064816124807994e-01
3.839306509173874282e-01
3.837785662340677528e-01
3.847777777768978114e-01
3.841879469458008289e-01
3.838384832178801664e-01
3.834411545792823506e-01
3.833627411009594699e-01
3.839459962538078752e-01
3.836219260596256397e-01
3.840951436178193790e-01
3.840674617456670825e-01
3.839356654976954775e-01
3.838328025960175971e-01
3.832773189127190450e-01
3.834173854516056967e-01
3.843104130080074454e-01
3.837695371426040891e-01
3.832920365801916196e-01
3.831906546308272432e-01
3.838914937031403518e-01
3.834592758011989289e-01
3.836903960722523044e-01
3.828970450699490380e-01
3.825127079162154442e-01
3.819133274205397388e-01
3.833007186779384678e-01
3.830810188468767863e-01
3.831909272925471677e-01
3.832616675605318157e-01
3.831494150198651583e-01
3.828380595689653276e-01
3.828464762037065428e-01
3.830450432831951635e-01
3.827668368826619427e-01
3.828524734859666268e-01
3.832714600198542931e-01
3.832695131897648766e-01
3.824132645244753825e-01
3.819294898550076867e-01
3.822964453053043221e-01
3.822739692075966533e-01
3.821151319902591492e-01
3.825712095319040440e-01
3.814694269296598494e-01
3.814246740719859918e-01
3.828614200262968614e-01
3.831644306096352315e-01
3.826431093140829631e-01
3.820988308092928554e-01
3.819207960202689600e-01
3.819809974681386278e-01
3.814346445728484247e-01
3.810756515172823988e-01
3.814521704976587269e-01
3.810155806575247217e-01
3.806794343433272942e-01
3.801514904405681738e-01
3.790457735589647381e-01
3.786566639118483235e-01
3.777161717521644313e-01
3.763315824703520884e-01
3.779329545206662200e-01
3.766762857627609096e-01
3.771864318556713558e-01
3.763889949600061069e-01
3.762242853547523858e-01
3.758100140523038535e-01
3.766468337415724843e-01
3.753737004642935804e-01
3.761577116212679872e-01
3.762296252969529742e-01
3.751755050207805642e-01
3.748097689828470691e-01
3.749664545222125556e-01
3.753353528584700283e-01
3.759329209590270837e-01
3.748360425978161103e-01
3.751168388181869706e-01
3.751336474711315372e-01
3.744528591320761546e-01
3.749608628848919434e-01
3.750241932916367760e-01
3.745835196708010573e-01
3.737443822932264292e-01
3.743675498469191676e-01
3.740397301659638685e-01
3.741510065174640798e-01
3.744236339666986435e-01
3.745563685798696252e-01
3.739908962409336235e-01
3.739932553437869678e-01
3.738135415130079964e-01
3.734171811001770758e-01
3.742580008420238191e-01
3.736634738800623246e-01
3.739323790214381660e-01
3.740876776056760722e-01
3.739280192455127771e-01
3.741698375316382941e-01
3.730745953812225069e-01
3.735118020595162847e-01
3.742216627202051282e-01
3.738000921078238892e-01
3.730507907196539130e-01
3.740224970684650763e-01
3.733544586463464210e-01
3.731108721159227537e-01
3.741863668213914473e-01
3.731748004229488158e-01
3.740441701596956547e-01
3.726629529251514472e-01
3.737547895084645244e-01
3.727987227870883102e-01
3.741381120393283966e-01
3.732611573575243535e-01
3.739931904172160149e-01
3.733159190866922050e-01
3.735423237024182441e-01
3.732652868895608433e-01
3.723934668981097040e-01
3.741106048941673090e-01
3.725993508050132741e-01
3.730252340589955695e-01
3.732047776357153568e-01
3.730221853173230628e-01
3.731873584350542949e-01
3.724511757861931893e-01
3.730885637278502087e-01
3.723649131623865127e-01
3.726379943524310012e-01
3.718204924382929599e-01
3.723178401932915049e-01
3.723889711547954118e-01
3.725399950370695268e-01
3.714699298978035857e-01
3.725708570371724093e-01
3.712492458190088662e-01
3.719060539958044531e-01
3.713924060434622421e-01
3.715294294346856430e-01
3.703398553590448450e-01
3.703794159340886849e-01
3.700419941834232063e-01
3.704672301948286894e-01
3.709274331644912270e-01
3.701469761880462617e-01
3.707109002977360124e-01
3.699316846202433395e-01
3.700578157712798855e-01
3.704061504757294454e-01
3.700293963250856910e-01
3.704470770218642461e-01
3.702008553973326066e-01
3.705040044881068861e-01
3.702903012263586979e-01
