6.414183113190509156e-01
6.096070390704859676e-01
5.748927145114813841e-01
5.361142308710737936e-01
4.935971959953212584e-01
4.513212178444528933e-01
4.166683185803258249e-01
3.939257659353391783e-01
3.834198600439311377e-01
3.806374678713187465e-01
3.802805713898209095e-01
3.813489725651387219e-01
3.812234069431621464e-01
3.818024223922282245e-01
3.809986406698199768e-01
3.811199517875867859e-01
3.809718327052513120e-01
3.804059218281312660e-01
3.801802429605533051e-01
3.803357297979191864e-01
3.808104575559957405e-01
3.801714861782477528e-01
3.796697917776478692e-01
3.792274327495995800e-01
3.795196802010088466e-01
3.800052544510079122e-01
3.797354711772165659e-01
3.796908075513005243e-01
3.794372351244797992e-01
3.790433937835662181e-01
3.801182037839758721e-01
3.793596254781658184e-01
3.788054092599634215e-01
3.794446888070779345e-01
3.789831549798390320e-01
3.783522286670723545e-01
3.796113250518171056e-01
3.787997741563325915e-01
3.795211076094504588e-01
3.790687643569625176e-01
3.785862315138507905e-01
3.798502112914575735e-01
3.781606689907800467e-01
3.779534659552074571e-01
3.781866257995013525e-01
3.787088676589295821e-01
3.795432842936203865e-01
3.788673877085319552e-01
3.781535984384453708e-01
3.791236333928942326e-01
3.791173409711174891e-01
3.788221584736995995e-01
3.780948750665532598e-01
3.791892418181860847e-01
3.783916756210935484e-01
3.782264768793374698e-01
3.785584648061647850e-01
3.785299210150174787e-01
3.796670946842453098e-01
3.783272940129356887e-01
3.787872671198414531e-01
3.786719025388213256e-01
3.779874610643285671e-01
3.782556727153112419e-01
3.780910015052086903e-01
3.782185718406850805e-01
3.788065498685632138e-01
3.780452157639034305e-01
3.781486628702359631e-01
3.780999899318482349e-01
3.791108930733603777e-01
3.781997689568492027e-01
3.780801896887125424e-01
3.785369911203628202e-01
3.777841912287910331e-01
3.783839328633467614e-01
3.778635064276953948e-01
3.778770542067306226e-01
3.788771628700536853e-01
3.790453813507794756e-01
3.779474202744557143e-01
3.785452182528277754e-01
3.777538472176899531e-01
3.769171927632201102e-01
3.782103582727636693e-01
3.782892339287056704e-01
3.785459949043372685e-01
3.771430140608529880e-01
3.789531420582584187e-01
3.781198744135701451e-01
3.786523496437986247e-01
3.777864431475049245e-01
3.774951132362579509e-01
3.785264564229962048e-01
3.773139677266585945e-01
3.779445721657813673e-01
3.777000517337852359e-01
3.771310619519551710e-01
3.783370020959290758e-01
3.777367153380667975e-01
3.775189116464733319e-01
3.782700849158934231e-01
3.775209726487552819e-01
3.773637537550570409e-01
3.777473171385016260e-01
3.783573568757308547e-01
3.776994828371983415e-01
3.772931849345788624e-01
3.782962909145070607e-01
3.778818200348423861e-01
3.783281028152579717e-01
3.776170773661848834e-01
3.776974278382916883e-01
3.779918321252689339e-01
3.768482603798540276e-01
3.778499284023453808e-01
3.780207633778814857e-01
3.772168435133809172e-01
3.778826250175066903e-01
3.774043621974115248e-01
3.781236147163554162e-01
3.779033832353137501e-01
3.777586528199554095e-01
3.770377025630471390e-01
3.771154359560844882e-01
3.774451040323282269e-01
3.781526773055009505e-01
3.768722859964989125e-01
3.774792799291503131e-01
3.775065226223256465e-01
3.784371000499785476e-01
3.772052021419051715e-01
3.768363691932464232e-01
3.783866314923495233e-01
3.769080945065736987e-01
3.778253307559600871e-01
3.774401552745680344e-01
3.771702492915074423e-01
3.781183546880981239e-01
3.774860780737768207e-01
3.774001627883271093e-01
3.777941252721742638e-01
3.778502397571891769e-01
3.764727127537449425e-01
3.768092155731783133e-01
3.774156748116573312e-01
3.775023785614513017e-01
3.771693993513307031e-01
3.780342026852676063e-01
3.775631755885386354e-01
3.787752206009110667e-01
3.776252697476505937e-01
3.766772485052092834e-01
3.787987324618787288e-01
3.770312535702795009e-01
3.776008037339627643e-01
3.773788336869573490e-01
3.768396818294314499e-01
3.783760970520332334e-01
3.766986568983889394e-01
3.780313640894369942e-01
3.773255671721286730e-01
3.771067500412242368e-01
3.770992916255953009e-01
3.774057465405673550e-01
3.765756342590277916e-01
3.784023877143435910e-01
3.770400178216882225e-01
3.777916483269499470e-01
3.770533611246144057e-01
3.773803688222086561e-01
3.773659705859414570e-01
3.774215708951441650e-01
3.776241505683745614e-01
3.760237748976061334e-01
3.777473917624751820e-01
3.768601574134929910e-01
3.760144932637168314e-01
3.787005218902390058e-01
3.767642223772411092e-01
3.777044277826881458e-01
3.777148867280657463e-01
3.766893219823758687e-01
3.771405736498291694e-01
3.769035987951466216e-01
3.771809753072120075e-01
3.777576582550815076e-01
3.774083869032356930e-01
3.777604138294582969e-01
3.768150452667205497e-01
3.774692400823911331e-01
3.766254802275326163e-01
3.768937005072601765e-01
3.777128537069826542e-01
3.765774425880706877e-01
3.777983537082671428e-01
3.764230608979324266e-01
3.771803967728146745e-01
3.779328189763813683e-01
3.766740306345552347e-01
