7.272533221510985868e+01
7.015907205986486872e+01
6.841493330225257807e+01
6.573316916033186885e+01
6.259818937927030191e+01
5.882463463780106849e+01
5.736863993718137777e+01
5.300171347081766982e+01
5.095150627772002139e+01
5.120572601567575788e+01
4.916032438846044528e+01
4.556817272583374034e+01
5.464288640705101585e+01
5.166007473707342967e+01
4.797536616313922053e+01
5.460182613483213032e+01
4.965357816198578433e+01
4.984223586687755159e+01
4.826229213129844453e+01
4.964350664425278126e+01
5.089136347606529398e+01
5.112785460556451511e+01
5.149475854437451261e+01
5.049000042646538589e+01
5.028665164112020847e+01
4.721631587073507319e+01
5.120605640008568571e+01
4.888395276344304818e+01
4.894078853324388234e+01
4.956644734999054691e+01
4.873880294770731325e+01
4.477816568878115788e+01
5.422286963778208246e+01
5.091279934208330360e+01
4.711505277161646887e+01
5.391901155907039112e+01
4.945052762788965595e+01
4.928942147569767940e+01
4.815149598329020364e+01
4.931211406328228719e+01
5.027402987678828339e+01
5.141694492140441497e+01
5.150907800411911808e+01
5.041840885472991829e+01
5.022812088195671265e+01
4.705368014046079139e+01
5.122693111190349669e+01
4.887245069326606028e+01
4.911149612922785934e+01
5.007139244655061816e+01
4.850840104749079273e+01
4.451753742602983266e+01
5.433886996237148992e+01
5.064161160749667800e+01
4.656040068347672189e+01
5.360562541228488698e+01
4.908215450843808725e+01
4.881132640469682116e+01
4.735771553234629749e+01
4.889816234585132548e+01
5.036520611310340456e+01
5.067633151265934544e+01
5.086416070527398858e+01
4.964211902449739711e+01
4.971983595363762021e+01
4.642307955831569899e+01
5.062403685433654488e+01
4.822529610259392996e+01
4.825973103642886741e+01
4.900887056584026169e+01
4.777230111529261336e+01
4.396462168227473910e+01
5.367413402347589368e+01
5.076296849528074517e+01
4.643765984039628592e+01
5.356850903105688388e+01
4.846866800461425129e+01
4.901984811372030038e+01
4.772363358312968984e+01
4.895715678589911590e+01
5.005335587080776349e+01
5.070753083178593101e+01
5.073607635960374296e+01
4.965218795202660118e+01
4.964301964775005160e+01
4.621506476922817086e+01
5.031916388971291099e+01
4.815469732100255840e+01
4.866150207955067941e+01
4.914049023040781350e+01
4.809909797536523257e+01
4.405753416713413628e+01
5.396763638413487030e+01
5.044794799277057251e+01
4.620419196853092103e+01
5.337976360761125960e+01
4.865975501313396734e+01
4.912805601826140389e+01
4.761251181947022104e+01
4.878214220800641954e+01
4.991731217446495350e+01
5.062771940874899457e+01
5.077239618919509212e+01
4.951075555802737682e+01
4.966038070451175201e+01
4.615498754882560206e+01
5.085604525372537665e+01
4.772704585404322586e+01
4.836625621643508310e+01
4.896026389115556299e+01
4.805071992218369559e+01
4.382914229336233802e+01
5.402554127861638733e+01
5.032821127386630877e+01
4.639230203946519282e+01
5.361989362652155222e+01
4.850981789362339924e+01
4.864845614098198467e+01
4.735245017322310446e+01
4.916115429396602821e+01
4.989693404132568588e+01
5.024848189997209147e+01
5.068991903858835002e+01
4.959950682996836946e+01
4.950118951124614597e+01
4.619236048306182596e+01
5.076139500380830327e+01
4.772424176867296097e+01
4.835662153206169478e+01
4.873471075020593446e+01
4.781520793661837132e+01
4.366899600726008401e+01
5.332228308198471467e+01
5.077384547805193193e+01
4.595827943179270392e+01
5.354286143401534304e+01
4.832452150929854184e+01
4.845017924942110454e+01
4.701767135679718734e+01
4.852869886349912321e+01
4.963262434991589345e+01
5.040202803729895464e+01
5.050218367718420609e+01
4.947000546825396583e+01
4.956615857571935635e+01
4.577714883278007107e+01
5.008260159346581730e+01
4.785963006012754306e+01
4.806403001914634388e+01
4.894022452413729951e+01
4.781992356270888678e+01
4.348747160289624247e+01
5.330532251399397836e+01
5.027676820317723383e+01
4.570111020896616338e+01
5.337931831574693575e+01
4.821480137913349751e+01
4.854406549535845272e+01
4.704690961951106942e+01
4.862311627232884348e+01
4.948810648733147843e+01
5.059084158509871543e+01
5.073791348663927891e+01
4.944395472370029410e+01
4.920739095954966302e+01
4.615136499209819476e+01
4.997717078823289683e+01
4.765401574199200496e+01
4.791460263754815685e+01
4.871728054661321039e+01
4.762887974765732224e+01
4.328593029164326822e+01
5.347800107321177165e+01
5.029186628001401260e+01
4.612769709375115212e+01
5.340501083017058903e+01
4.825075918827345589e+01
4.825746851743364374e+01
4.699592736330601639e+01
4.863899505352789987e+01
4.998158979350689890e+01
5.025947189454692676e+01
5.057407629221740564e+01
4.954127801715755197e+01
4.945871839580026830e+01
4.632930162003202668e+01
5.029077686441045358e+01
4.722946443306571496e+01
4.783700051326662361e+01
4.904724284876555629e+01
4.771691114719381943e+01
4.352940430545388040e+01
5.349750571606621463e+01
5.000793025190250063e+01
4.616884574287900023e+01
5.331902683271795951e+01
4.820590109322401418e+01
4.856783994328730358e+01
4.693052399341913627e+01
4.845665557378080024e+01
