8.049068732197218878e+01
7.588470471096027836e+01
7.345598494471678919e+01
7.131613895441677187e+01
7.045376229611895269e+01
6.929360514721105346e+01
6.753870284336748853e+01
6.515647161626458228e+01
6.111237208672032040e+01
5.924609212933717117e+01
5.621514917054439309e+01
5.301007490437197589e+01
5.374718597665118125e+01
5.255167605493240046e+01
5.188562452747146381e+01
5.112488549438193530e+01
4.935065105361552895e+01
5.021044582124252997e+01
5.271007158608333043e+01
4.922910990634068185e+01
5.279294693739545608e+01
4.792895513602504565e+01
4.550787396252901829e+01
5.135014627472929760e+01
5.237841693782871033e+01
5.531674493438227813e+01
5.429489546901646690e+01
5.136218666626269425e+01
4.781658059167559571e+01
4.903517499681475300e+01
4.929777695739685583e+01
4.914803631712778298e+01
5.108878693142737859e+01
5.084383899484631542e+01
5.017580119092058055e+01
5.064532320823780509e+01
4.894568436055331517e+01
4.902099444567812725e+01
5.250367790086519904e+01
4.867593070383764342e+01
5.280144219257589100e+01
4.771628962642583360e+01
4.513027966891232978e+01
5.164478003153770658e+01
5.253331337962051606e+01
5.534084390190581360e+01
5.414121470431899752e+01
5.164030936436536479e+01
4.792810028473019912e+01
4.907530008636865659e+01
4.939730145133302130e+01
4.884536127160886565e+01
5.084201498044383527e+01
5.094330822631810918e+01
4.971743564402947158e+01
5.069773325081870752e+01
4.886502728109891791e+01
4.921355500725726273e+01
5.265756160705732469e+01
4.858914525646364524e+01
5.240139665348752374e+01
4.747871664218783394e+01
4.521449386076267274e+01
5.169749802122875337e+01
5.220404934642890282e+01
5.505506281195826546e+01
5.433712755014785500e+01
5.132617946920956342e+01
4.747243909693035846e+01
4.893794566562656456e+01
4.927583770889449966e+01
4.917403710345244860e+01
5.115708939893566765e+01
5.095586867034285916e+01
4.986626661750967315e+01
5.045842996992911367e+01
4.862638696024925622e+01
4.944313186463515564e+01
5.259503827467484882e+01
4.870369964093634252e+01
5.260445639994575373e+01
4.784271703974362566e+01
4.511664608412620225e+01
5.161609323898506574e+01
5.230210246497777149e+01
5.521947067534390641e+01
5.379603444835353798e+01
5.135714109900509072e+01
4.767024716765175185e+01
4.871657072509812281e+01
4.945126400546599399e+01
4.898898515210930782e+01
5.091765844885263448e+01
5.112715828535070273e+01
4.977046754873371981e+01
5.038266401018005070e+01
4.862978247804594645e+01
4.900824439173047153e+01
5.244378869840549129e+01
4.850266939789246834e+01
5.267888228889200519e+01
4.706697708285809512e+01
4.452326671863866636e+01
5.103072548818516907e+01
5.189187868839097462e+01
5.449972188955723595e+01
5.354221155304758639e+01
5.092140959612076756e+01
4.709452208361818037e+01
4.835833695204657090e+01
4.849259000461414360e+01
4.858478386923808756e+01
5.106415997835356535e+01
5.034752502883895886e+01
4.923873812726876764e+01
4.983141727219812367e+01
4.797454477543006846e+01
4.865209034736750482e+01
5.207791743848568444e+01
4.825349406017977572e+01
5.191166860114351067e+01
4.677125025777507261e+01
4.399862544392266273e+01
5.108989907041466694e+01
5.167187088055579380e+01
5.474769166673838328e+01
5.349846889489911206e+01
5.082115725954101748e+01
4.688939676638548093e+01
4.817319276093325442e+01
4.842283336901387969e+01
4.879202892085542231e+01
5.067865035736661383e+01
5.024201545665356150e+01
4.930014962063772543e+01
4.967235768967905329e+01
4.813896250715500003e+01
4.838389271638813938e+01
5.181231458777695309e+01
4.793851018799979613e+01
5.217909917268809750e+01
4.669592255060423014e+01
4.407403282198517758e+01
5.087400162563213257e+01
5.153210615657692273e+01
5.492165716196162606e+01
5.334857945141949642e+01
5.089140649462738963e+01
4.667672936368553849e+01
4.806060388076296164e+01
4.853291965045232814e+01
4.855239525319794325e+01
5.064704359674831124e+01
5.019331153472721496e+01
4.966563821349796370e+01
4.968519223549628094e+01
4.829146550063951082e+01
4.843906944419591554e+01
5.200358707616199183e+01
4.803174761744127608e+01
5.211644133138339896e+01
4.685012175621535846e+01
4.392212383795141761e+01
5.109717712015466873e+01
5.108957547326642157e+01
5.459196986405501661e+01
5.373537689799638173e+01
5.044363445940093271e+01
4.646141605579870770e+01
4.821687182564236451e+01
4.849801174270156423e+01
4.801430800050921732e+01
5.052468446322518503e+01
5.021182991423144415e+01
4.896075728255451764e+01
4.981922054127456079e+01
4.795606230642439982e+01
4.832413327393662428e+01
5.200972658372482726e+01
4.760678269366592730e+01
5.193881907203413562e+01
4.643710971785125707e+01
4.406940457591786497e+01
5.063807418951115835e+01
5.172939718126519892e+01
5.477262506244271378e+01
5.337766561579046254e+01
5.096507734368773157e+01
4.653893358834308458e+01
4.764028573828678503e+01
4.822719479882738369e+01
4.804405093974418861e+01
5.026051752755412849e+01
5.008640633075757620e+01
4.881507678478390488e+01
4.928217143810691425e+01
4.793553358701313982e+01
4.821655976871976179e+01
5.189204411869424405e+01
4.740881887768546932e+01
