7.036251976012921716e+01
6.894008713217706941e+01
6.704441168446611243e+01
6.326688428827306154e+01
6.381551641022750232e+01
5.782224156159360717e+01
5.351791045975312500e+01
5.198966717040078578e+01
5.309091430256664523e+01
5.048681314392906927e+01
5.213318550517082173e+01
5.138946819590010051e+01
5.304868567540338375e+01
5.343795454952631019e+01
4.886433393909506151e+01
5.070830843523786058e+01
4.703669508030425561e+01
5.047319037691732291e+01
5.104465090165707863e+01
5.011354191344148745e+01
4.933786240426132963e+01
5.033985183949813091e+01
4.862497023204247171e+01
4.594798791463377086e+01
5.465155458165239821e+01
5.065112131448955779e+01
4.782294505228468040e+01
4.932623003295837094e+01
5.205056710089378669e+01
4.947979087443948742e+01
5.164502310596238743e+01
5.052084822081288706e+01
5.203222183309105020e+01
5.280761015173828099e+01
4.842304384570937970e+01
5.029543084138694553e+01
4.641440444779215824e+01
5.003916904559377343e+01
5.030596492828904331e+01
4.950421598266538581e+01
4.916310189434503997e+01
5.002022681698321804e+01
4.776220129150868843e+01
4.553178323611213330e+01
5.444251204452790205e+01
5.008055499662614807e+01
4.759898183832547858e+01
4.828784942558690574e+01
5.117934654189929944e+01
4.900238858121401364e+01
5.117744830288449265e+01
4.997386145371640964e+01
5.182616983246619924e+01
5.208032185308958617e+01
4.759220232731622957e+01
4.965665218537424153e+01
4.588819957198629851e+01
4.947210300456794840e+01
5.003969363580440444e+01
4.939948398992320477e+01
4.899107852142423525e+01
4.986198043307194894e+01
4.794164769673707838e+01
4.544614827397339241e+01
5.428520662683632736e+01
5.037083155864034012e+01
4.713136111076598667e+01
4.862495256561716417e+01
5.129634314204010792e+01
4.883018219255077241e+01
5.107279572379050592e+01
5.008247928487857337e+01
5.179349046436654902e+01
5.170916171892447011e+01
4.779786978147178900e+01
4.985289622174552449e+01
4.561170006041580649e+01
4.941632662468578019e+01
5.002421777702270589e+01
4.939993763743609634e+01
4.853086201283052503e+01
4.998251117348398509e+01
4.779315686664529039e+01
4.515793015519879106e+01
5.398356407945261992e+01
5.004283695982736191e+01
4.725715323825349401e+01
4.869291259698164964e+01
5.101685154650065357e+01
4.870677127565508613e+01
5.102909352043981528e+01
4.998413795923034542e+01
5.144311961242379283e+01
5.206709432601456911e+01
4.772534063600598842e+01
4.931362346632394633e+01
4.565241723212742642e+01
4.969072659581736673e+01
5.007564691260571266e+01
4.929254573307112963e+01
4.858238632264622936e+01
5.012120616207756996e+01
4.793288267642041944e+01
4.550493386382163408e+01
5.383262657048751265e+01
4.973804366484213801e+01
4.698218792331345384e+01
4.882914467735616171e+01
5.098554945728674426e+01
4.890671649915195474e+01
5.096314422908670139e+01
4.985586450222101718e+01
5.138149784846807222e+01
5.195758883890201929e+01
4.759161155007327437e+01
4.948940112528495661e+01
4.567652691064267145e+01
4.926760115489302194e+01
4.984269342393897517e+01
4.917249856854073897e+01
4.866605362582399152e+01
4.937347177559309586e+01
4.747404531517871362e+01
4.508486511735922875e+01
5.388842129848512030e+01
4.971918551110193363e+01
4.669581958206347849e+01
4.793417731560510475e+01
5.092796156479121095e+01
4.848505122778002630e+01
5.091515325251084079e+01
4.968622831015485275e+01
5.086593312056183436e+01
5.132613981700171735e+01
4.732992726497914759e+01
4.932372077785905873e+01
4.567972519718272650e+01
4.908427103690861770e+01
4.962667413397322491e+01
4.920777196419259525e+01
4.844153673316380093e+01
4.930939922330962588e+01
4.759154329459006050e+01
4.513013970170173650e+01
5.387565670225684045e+01
4.940039406679469636e+01
4.661558134217363403e+01
4.792492864119621743e+01
5.087992767024368135e+01
4.829365581782675321e+01
5.076940688386645917e+01
4.954919478860598048e+01
5.127735352054425277e+01
5.152851007212171908e+01
4.736607973293622109e+01
4.921559036628905659e+01
4.533401870030035496e+01
4.922592077722214299e+01
4.986913364870463283e+01
4.892582257197365436e+01
4.849785423694956421e+01
4.949010953934627821e+01
4.763548402975476392e+01
4.477194232628148995e+01
5.349834638439115508e+01
4.932261594259389881e+01
4.660977394898837645e+01
4.764454592581528658e+01
5.086481883442615981e+01
4.827902856817170374e+01
5.086571145031003738e+01
4.965244395121592902e+01
5.122010190057567058e+01
5.166933882971128611e+01
4.737426172591154483e+01
4.937502627209069317e+01
4.569799649677700870e+01
4.909025116053933147e+01
5.004307922152980126e+01
4.909614509148433825e+01
4.849929427594986464e+01
4.922881890007933947e+01
4.745691163627765263e+01
4.496618229426275803e+01
5.411347518378843091e+01
4.952706056280344171e+01
4.652129615001704366e+01
4.796392237488634436e+01
5.078619170528072857e+01
4.887400802412647494e+01
5.068726984795383572e+01
4.985903429302709355e+01
5.115491166305568527e+01
5.158217219981147394e+01
4.739831068877332143e+01
4.947458459302839628e+01
4.552956062379733027e+01
4.888678798031190098e+01
4.971295135472755078e+01
4.886669386781522206e+01
