7.112154034899077715e+01
6.930779703622279442e+01
6.854474552914643937e+01
6.618621296596319326e+01
6.390967213342525355e+01
6.128257016297074955e+01
5.703628948970003876e+01
5.420516063591485079e+01
5.232118481873030191e+01
4.706116486171876545e+01
5.518479659425029382e+01
4.934629949355847600e+01
5.067115212368232591e+01
4.933855431597357466e+01
5.455310464431389761e+01
5.178840576671193219e+01
5.099516852848041992e+01
4.921086140069776604e+01
5.242411820102019959e+01
4.881217400120585381e+01
5.025092215429446441e+01
5.054947659070946742e+01
5.491584844078361982e+01
5.380130445307349873e+01
5.285572333301933412e+01
5.249495152499883233e+01
5.151406004616675460e+01
5.190605000396087121e+01
5.079027748782100105e+01
4.564555605611048605e+01
5.432217995452816695e+01
4.839394618229273703e+01
5.027282620654011680e+01
4.815802443503265096e+01
5.462037485140580628e+01
5.127782679992298398e+01
5.085883952799702712e+01
4.892306499342684845e+01
5.227389316043415590e+01
4.831180497653401318e+01
5.001627685566703008e+01
5.023342663887202519e+01
5.508492736646159216e+01
5.356102123239209334e+01
5.253670664309913008e+01
5.240419162994039937e+01
5.166561083849651226e+01
5.192875864490672200e+01
5.081063730331332096e+01
4.556523411606522700e+01
5.389131608516862570e+01
4.832099314490810826e+01
5.057363159011071474e+01
4.801069094979474272e+01
5.393712317346003005e+01
5.086038480751749091e+01
5.099446790285594489e+01
4.894341578216005928e+01
5.242552908792347210e+01
4.830306737869301514e+01
5.014668276728669838e+01
5.035235008305541982e+01
5.454471113639824154e+01
5.311739057420640364e+01
5.256628397886957771e+01
5.236263788639512740e+01
5.146306894115863884e+01
5.135426996356731166e+01
5.075522078144572902e+01
4.525472575969305922e+01
5.410278037078888502e+01
4.813767454319576444e+01
5.013391023724332740e+01
4.815104425546839195e+01
5.437634039910993522e+01
5.104805459970236114e+01
5.053628996610492408e+01
4.863038704090600106e+01
5.230955307278521360e+01
4.806328543070941350e+01
4.998170610906958444e+01
5.003450704454640885e+01
5.489370775379806133e+01
5.332799816309110952e+01
5.275643860056591450e+01
5.210316910517693145e+01
5.144246476863884965e+01
5.128875573053238668e+01
5.044655816070169863e+01
4.526221988993687972e+01
5.438442712051575967e+01
4.840343253256552458e+01
5.017519872384349355e+01
4.790426002566322694e+01
5.395207090810704642e+01
5.076308547277136540e+01
5.077423809884361816e+01
4.886947371792161476e+01
5.221782795631577301e+01
4.845255652593564832e+01
5.001067210953284814e+01
5.030815285401490655e+01
5.495618959682559534e+01
5.321966081029575690e+01
5.264396737583924590e+01
5.191639370140848087e+01
5.143297232057157942e+01
5.157401414662813721e+01
5.099499953014890963e+01
4.523000589268367122e+01
5.404928974568277766e+01
4.829276974229696151e+01
5.015676914476861725e+01
4.802557828479382351e+01
5.414108457546220166e+01
5.082935530910042843e+01
5.033139798934804787e+01
4.846895824531983976e+01
5.220618221582541452e+01
4.849094434044557289e+01
4.980557366011354503e+01
5.051324089871399536e+01
5.463878546316779961e+01
5.332080851854162518e+01
5.227833464460194790e+01
5.214954119423374124e+01
5.154246650072047231e+01
5.156707481050657549e+01
5.092852843712999089e+01
4.541920242921769102e+01
5.433701198491130668e+01
4.830321246632599497e+01
4.991524553194167169e+01
4.802061525610131554e+01
5.415316842216474669e+01
5.098058841332500890e+01
5.136866354671999346e+01
4.853671044463119699e+01
5.213858955116435112e+01
4.824162224368624408e+01
5.002261645884587438e+01
5.061867802199489574e+01
5.465917181071576181e+01
5.362597470324929105e+01
5.231871629342018082e+01
5.213352507767796595e+01
5.129761438020707942e+01
5.139249449280045212e+01
5.056068186095367167e+01
4.573313078767169770e+01
5.409416381792612327e+01
4.787727786671938901e+01
5.033666433731806222e+01
4.791330771017858581e+01
5.386509749308517314e+01
5.103544504136717563e+01
5.074389936733494721e+01
4.852015729008829936e+01
5.220659798602730461e+01
4.856237885185039715e+01
4.972115248296590551e+01
5.030230900256871251e+01
5.484898449118337282e+01
5.369712810719497753e+01
5.231872761104008873e+01
5.248386646239552533e+01
5.129786163420994427e+01
5.140230541216372018e+01
5.051933125273527736e+01
4.517310715053616121e+01
5.427353629798913914e+01
4.834248298743490579e+01
4.981754780069719146e+01
4.814103988750219543e+01
5.391603364166633838e+01
5.073443266494764714e+01
5.088765301515092432e+01
4.863337090620644432e+01
5.230913216191762416e+01
4.818235516744036318e+01
5.009469110758118404e+01
5.034718400734805499e+01
5.450758031400549442e+01
5.377426479704552520e+01
5.259038769051421980e+01
5.234221132210441851e+01
5.145376169438362268e+01
5.145972482551421479e+01
5.066416150772516147e+01
4.528163573247427820e+01
5.409861472578946007e+01
4.780876828113120780e+01
4.995031338629229367e+01
4.811991587803144910e+01
5.410394344024143720e+01
5.064301579847010970e+01
5.068445339576262398e+01
4.875663850618186501e+01
5.185316559750073395e+01
4.830830579034392969e+01
