7.708515167648472755e+01
7.410467598927004929e+01
7.184638943815608059e+01
7.103496913813714286e+01
6.932293226483695037e+01
6.759040241988748221e+01
6.531572798634736898e+01
6.300984573213916917e+01
6.128107389101479185e+01
5.662200956463541246e+01
5.304035121562240107e+01
5.154406899354847127e+01
4.959626606631002232e+01
5.369686077727303797e+01
4.741918440254376321e+01
5.094012739900019682e+01
4.713628792912555809e+01
4.789669365500609644e+01
4.802293974750730854e+01
4.963002309554497771e+01
5.116377403165368776e+01
5.041542178524669282e+01
5.120555008707782463e+01
5.101181125634546731e+01
5.181781834115471241e+01
5.181770782883311455e+01
5.074668241957190418e+01
5.051484011894612536e+01
5.160176540222494168e+01
4.986811573661258024e+01
4.870644467699913349e+01
4.960530426051899866e+01
4.879566326156670186e+01
5.312135428924091229e+01
4.751750506405458907e+01
5.040291152109449513e+01
4.703446684849693327e+01
4.853865076779963061e+01
4.811451752617609401e+01
4.976619961140116999e+01
5.072023363098497839e+01
5.012343689541391001e+01
5.119381011005445004e+01
5.107877711434639423e+01
5.192495547374511489e+01
5.158405758952439157e+01
5.065617632263140280e+01
5.054313012113296111e+01
5.185492654494055387e+01
4.982977976766168382e+01
4.890303638169987011e+01
4.968436725851238833e+01
4.849775682944534339e+01
5.314739506307611094e+01
4.736845560386951348e+01
5.040320354714693707e+01
4.719041913375180286e+01
4.858373358139670728e+01
4.785940918781709286e+01
4.962800894038608845e+01
5.055264473750150955e+01
5.015774270734983276e+01
5.112041823044728517e+01
5.142114964006962907e+01
5.199560484860166554e+01
5.172484678758725352e+01
5.075677097109860370e+01
5.064744561874181272e+01
5.153808882652940326e+01
4.996527650977380830e+01
4.847155556664779397e+01
4.968257290841979312e+01
4.852381479275964438e+01
5.332155391662210775e+01
4.741931633854304806e+01
5.062308416058217375e+01
4.702908036230301292e+01
4.805377626741075403e+01
4.782572051329532314e+01
4.947891363164028178e+01
5.059428900977077603e+01
5.003875306424577474e+01
5.103188646565022424e+01
5.104738306580679108e+01
5.203159235509175318e+01
5.152372437564578433e+01
5.067192576515604685e+01
5.052435701591941353e+01
5.156039095942126238e+01
4.987665365304157206e+01
4.855331767062949666e+01
4.945633521713230607e+01
4.848921651569077795e+01
5.349610142115510314e+01
4.731278127297591141e+01
5.033256823824807213e+01
4.687349879516449391e+01
4.820510045357080742e+01
4.759564804515773773e+01
4.933367008403951104e+01
5.054338051266883269e+01
5.013193723525779433e+01
5.102285525485610407e+01
5.122794928247419932e+01
5.206493821412718148e+01
5.145127642449912742e+01
5.062989207186403462e+01
5.066170536934995994e+01
5.154073146269240624e+01
4.957459045561367361e+01
4.866171507158453124e+01
4.925118860966423995e+01
4.837907956907114482e+01
5.323414300900341800e+01
4.733425338384795111e+01
5.003483373333829576e+01
4.658192885277726702e+01
4.808887383181444619e+01
4.749441819107431684e+01
4.953329772694473121e+01
5.064544569538750807e+01
5.025734711511973529e+01
5.118916539425600831e+01
5.126595047808117300e+01
5.199378130758967842e+01
5.153496107211891086e+01
5.058694472043512746e+01
5.049808186334088589e+01
5.159817068624283820e+01
4.976291938472008525e+01
4.892099731715140365e+01
4.964725054975830432e+01
4.836799445519370266e+01
5.301115581097730711e+01
4.719673697238349064e+01
5.019291119117272615e+01
4.683428591582536171e+01
4.812770852392873167e+01
4.762439537309702331e+01
4.943859398274638295e+01
5.049908367501383566e+01
5.038239436937677596e+01
5.097993396342607042e+01
5.112445469602030101e+01
5.233279242621022576e+01
5.169001909706624076e+01
5.032355245241101471e+01
5.053225441602176460e+01
5.150681963907220506e+01
4.929176055971240800e+01
4.856948717216325662e+01
4.945563442472140281e+01
4.876918241818769673e+01
5.312048973326914592e+01
4.743606966930849467e+01
5.013930959410289745e+01
4.708622874512295908e+01
4.809355936800206877e+01
4.746587165169128752e+01
4.958574570881188492e+01
5.093592928000803965e+01
5.034750081390605914e+01
5.115206969825094063e+01
5.101834262833776279e+01
5.240451647433847882e+01
5.189237052084960311e+01
5.074526369959536254e+01
5.057945993722133693e+01
5.155552710001592231e+01
4.975420179591959169e+01
4.838365214043581375e+01
4.942304488529136108e+01
4.845516607777287987e+01
5.295036482847519466e+01
4.704133604000344349e+01
5.012522854444708287e+01
4.688955322124071756e+01
4.828829941662552017e+01
4.773581684341408504e+01
4.951910076209413347e+01
5.054422058713672783e+01
4.990319520332293024e+01
5.130640994968148050e+01
5.113701012585189432e+01
5.170197256453237600e+01
5.177633958064411956e+01
5.029605843153513689e+01
4.999309104127980419e+01
5.140625188920244426e+01
4.994338968075624763e+01
4.862851127234787896e+01
4.979061430489243634e+01
4.827740128064893810e+01
5.349709997221257396e+01
4.688472371816696693e+01
5.029391583677038113e+01
4.677183276915416599e+01
4.798080797586020907e+01
4.744312922779796793e+01
4.924947528741484604e+01
