7.276626279775805983e+01
7.065710923181030978e+01
6.881219427995361571e+01
6.671942979796136797e+01
6.530681828540551237e+01
6.222039409754992079e+01
5.975601227683203831e+01
5.485988592766606331e+01
5.285663635749865819e+01
5.215079602370738598e+01
4.746263666404423276e+01
5.282726756532619561e+01
5.192888009977496466e+01
4.817945373276818088e+01
5.249550562432070677e+01
5.445440303094000711e+01
5.251714635493933514e+01
5.093076898914675610e+01
5.444515973851053303e+01
5.242320491955910455e+01
5.141196727898780949e+01
5.435311795011855196e+01
5.294608379909873719e+01
5.100475345141765615e+01
5.143890921917300574e+01
5.015620175430471761e+01
5.310587175821182626e+01
5.042680205347325995e+01
5.099372922658333351e+01
5.065541181382287306e+01
4.659431145182276168e+01
5.107450812329568635e+01
5.013473280201376525e+01
4.742667295499401803e+01
5.175681133632136266e+01
5.380238985945118202e+01
5.179143301708062808e+01
5.025912349394658918e+01
5.395114995337693387e+01
5.222641960076985157e+01
5.094106879587454983e+01
5.417796615822376083e+01
5.266065464945655350e+01
5.093056779595323746e+01
5.134083372646582433e+01
5.035027162971974946e+01
5.282790960167881877e+01
5.018205367592434385e+01
5.106903654797390857e+01
5.042657095760149133e+01
4.674712108785582387e+01
5.090622559660658908e+01
5.038087532721298345e+01
4.689284988580460123e+01
5.168185512873738929e+01
5.365007398741346378e+01
5.172740485643146968e+01
5.015291843345664091e+01
5.380052737535575602e+01
5.197998986393587018e+01
5.098631980096664051e+01
5.380428118667538229e+01
5.264168227157509250e+01
5.086043767769846369e+01
5.105929356933363295e+01
5.016599645120340512e+01
5.275913341090425490e+01
5.014997831946755724e+01
5.094776425309557766e+01
5.001023444906350335e+01
4.678106477459319024e+01
5.102815515581278305e+01
5.037180186969433038e+01
4.740723168243292918e+01
5.128910409256324954e+01
5.329537422202162844e+01
5.153826540694128511e+01
4.961677216590872064e+01
5.341450364569624298e+01
5.178504094325651153e+01
5.050468775556096546e+01
5.333914629438778121e+01
5.232359160357111705e+01
5.061615677403148794e+01
5.077249918944265517e+01
4.973863226378557556e+01
5.211787774676064799e+01
4.953341646335937298e+01
5.045424240087212553e+01
4.995436208699837266e+01
4.578099335587302932e+01
5.054114959994952017e+01
4.966454521607118977e+01
4.662220650326334948e+01
5.107284933509092895e+01
5.265885990168163744e+01
5.114243845824421442e+01
4.960271547744422804e+01
5.348690580637455838e+01
5.166853437548867589e+01
5.025939168899004272e+01
5.332212988437822787e+01
5.194282954277576891e+01
5.037569589058476538e+01
5.068858982319702733e+01
4.946030852458958549e+01
5.249925475487188464e+01
4.930828517052842130e+01
5.019861454018062830e+01
4.980814191785027134e+01
4.581784994647208720e+01
5.078340485396843462e+01
5.003120270283268667e+01
4.612703089857352268e+01
5.071063560530786418e+01
5.271284287288303005e+01
5.081266458953268739e+01
4.947991318655429893e+01
5.338765076356709471e+01
5.135727047864178729e+01
5.026401812537658742e+01
5.366376149008970486e+01
5.206789749109682219e+01
5.018725193462647383e+01
5.036550667778908519e+01
4.922654133420255818e+01
5.174531105077000603e+01
4.915944051700444817e+01
5.004960631115185521e+01
4.962833015184391172e+01
4.573030607281715021e+01
5.008644386850428987e+01
4.970957298078090503e+01
4.588393568151705892e+01
5.025395840399887248e+01
5.260015263213078640e+01
5.047570469646117175e+01
4.904707655565461266e+01
5.296045862997428344e+01
5.093299866518903940e+01
5.041559597330454068e+01
5.337941672511835378e+01
5.158335188242874381e+01
5.027886061020694086e+01
5.035238816227111869e+01
4.928861840169188469e+01
5.218308163227987961e+01
4.923657223736291400e+01
5.021262753043350813e+01
4.944430055696764015e+01
4.576171934733438462e+01
5.055382297608582576e+01
4.934161323746953798e+01
4.624548715363039264e+01
5.041806053097069906e+01
5.246878191277000525e+01
5.063875181224936739e+01
4.952582024754732970e+01
5.316629726772201536e+01
5.085592571955343999e+01
5.006976183690328952e+01
5.320452361032356237e+01
5.170162914254542130e+01
4.985816725099733304e+01
5.017146175955058141e+01
4.956640744390812614e+01
5.224463152082599748e+01
4.917304794536898527e+01
5.034562913171538412e+01
4.964923618135718186e+01
4.560546095137272715e+01
5.026081703530097400e+01
4.925982686739006056e+01
4.591248604296400515e+01
5.054308906399054990e+01
5.269549897455694065e+01
5.053262187370996372e+01
4.886707313493848659e+01
5.317239991754024686e+01
5.140355487920859900e+01
5.008982840148648563e+01
5.383038904674985758e+01
5.211194094172522995e+01
5.012203316654837693e+01
5.044827358492742775e+01
4.958513550016226645e+01
5.223996041979621197e+01
4.921721587662178621e+01
5.005804808971445397e+01
4.955204491357918073e+01
4.556314138023662963e+01
5.010329028941431062e+01
4.952671951654485127e+01
4.610512915385947252e+01
5.091592068414148287e+01
5.284576990086114989e+01
5.071163662339471045e+01
4.933515466650902681e+01
5.358634340606185020e+01
5.131372383143368410e+01
