6.970756479902553338e+01
6.503019343934045082e+01
6.489890466978083339e+01
6.280594549704039053e+01
5.802918851374047904e+01
5.632760554587819257e+01
5.378857667364615480e+01
5.318248748645081747e+01
5.005425566915109670e+01
4.992101124155513503e+01
5.277650856913409427e+01
5.093902437874623246e+01
5.115197532170257233e+01
5.084446935014455704e+01
5.243660753671912289e+01
5.456083237403483110e+01
5.360607641772513432e+01
5.012449144164815351e+01
5.092210620485884220e+01
5.188967296709399335e+01
5.075446207697090273e+01
4.685989859327398932e+01
5.284772966718001896e+01
5.077642521058843528e+01
4.861688539393200870e+01
5.072597863886994674e+01
5.008686318051706365e+01
5.235947373517540626e+01
4.896751031233115015e+01
4.867638419230911495e+01
5.163868793724785888e+01
5.052466100661903425e+01
5.063793569024518604e+01
5.044353247960235365e+01
5.180683941838093176e+01
5.407225654147161720e+01
5.324376184988538796e+01
4.992263969406067758e+01
5.033238325042550088e+01
5.115191000385387099e+01
5.052237372886376932e+01
4.625962399441622352e+01
5.255808151657758032e+01
4.985027790599954045e+01
4.765246382982513040e+01
4.993520453600388720e+01
4.970152184463922396e+01
5.193835060566282635e+01
4.820082688319343589e+01
4.807885454275032799e+01
5.140487122716334767e+01
4.985741996959066569e+01
5.013581469977827254e+01
4.951438979896934711e+01
5.124515481623768665e+01
5.361255822949820526e+01
5.247509075612718021e+01
4.915105534699250001e+01
4.991673137611574163e+01
5.039049271253711026e+01
5.006187042330220294e+01
4.613378408316298618e+01
5.217070564689744572e+01
4.969332186602694179e+01
4.782931920453786034e+01
4.962582666174176893e+01
4.971882078884112133e+01
5.175292478622380798e+01
4.812036217518932801e+01
4.840513885400559246e+01
5.123771255291072890e+01
4.963740722104887482e+01
5.030479106699773695e+01
4.952077428516750501e+01
5.116428592325105740e+01
5.352536636750993893e+01
5.240812966890587887e+01
4.934699475669785329e+01
4.976872109261105948e+01
5.051581969061516730e+01
4.977371885962715226e+01
4.637128710855287039e+01
5.230385804636649993e+01
4.964944736339987941e+01
4.768149811971559160e+01
4.977754020657572198e+01
4.963956012994406564e+01
5.155198914492356721e+01
4.810190886991171055e+01
4.840964848684863142e+01
5.123731298055064798e+01
4.969972184879856059e+01
5.020600476538749035e+01
4.929499918868246766e+01
5.123427818930107236e+01
5.374332379568965479e+01
5.253097262196764206e+01
4.925196874280563009e+01
4.971336607091672732e+01
5.075621321302227074e+01
4.969596390563535238e+01
4.556211726337831180e+01
5.192424549761417296e+01
4.939109605915891876e+01
4.712751226123177872e+01
4.965921525384605673e+01
4.929218344093300175e+01
5.108140955984652720e+01
4.782930404588053364e+01
4.766177198594394326e+01
5.089894712503427598e+01
4.938777453770084946e+01
4.990481692910218925e+01
4.906273348204708640e+01
5.102268592257116353e+01
5.350812330512077608e+01
5.254627108003669633e+01
4.888606093803040409e+01
4.943910193557055521e+01
5.030357477914785846e+01
5.002526494310111360e+01
4.548022383622203080e+01
5.173214462687090531e+01
4.918142083350247162e+01
4.679665527585937213e+01
4.989946739275024612e+01
4.927985671811754997e+01
5.140349836128514482e+01
4.797461649227279423e+01
4.742374710386425107e+01
5.086684913030020283e+01
4.949460841194596838e+01
4.987664721036789217e+01
4.899535474899013110e+01
5.105724390081208242e+01
5.324024798341410758e+01
5.237687595853522993e+01
4.869927320539827065e+01
4.981019983255859529e+01
5.041092859174013086e+01
4.944463236716681820e+01
4.555381039618295347e+01
5.210177693919681730e+01
4.928480552865478614e+01
4.662104773087393284e+01
4.927967588213801520e+01
4.926591609293078022e+01
5.123384188332097722e+01
4.802475793274744120e+01
4.769418672178273511e+01
5.104365036441734560e+01
4.936672443695004375e+01
5.003453519960751805e+01
4.920786876779459362e+01
5.071598788766250010e+01
5.344768979206575210e+01
5.244867847921761239e+01
4.868909559001095744e+01
4.907792354325869866e+01
5.051332548843094372e+01
5.014323485341189013e+01
4.575065840480113621e+01
5.140295977199178878e+01
4.911500732115026580e+01
4.701557185611676459e+01
4.966720919836943438e+01
4.903609057248914382e+01
5.133023488778660237e+01
4.797511435581889572e+01
4.772255916647325336e+01
5.086601309780235169e+01
4.912374258042905240e+01
4.989529695117799690e+01
4.901436525756813012e+01
5.081875508621236293e+01
5.327302427922852956e+01
5.251237926681211832e+01
4.893142217557978313e+01
4.958144032514815791e+01
4.998960903058679861e+01
4.981911906855000893e+01
4.525561167996756495e+01
5.188919387010953699e+01
4.908044287809592987e+01
4.679315234921998012e+01
4.944469860515188486e+01
4.916843480337374217e+01
5.168718991476693247e+01
4.767264074353680314e+01
4.774346695266546448e+01
5.073647960699686621e+01
4.948736916487776938e+01
4.962751374185201314e+01
4.896031063678083939e+01
5.110206221079515387e+01
5.288899585780983159e+01
5.209520082391228613e+01
4.897779720684899019e+01
4.937562067089226048e+01
5.038198476853482077e+01
