7.222866991742518117e-01
6.940326244885405282e-01
6.735473042008904843e-01
6.535460024313579641e-01
6.310712552207240478e-01
6.042264894796789410e-01
5.722310590722272661e-01
5.347550094452652170e-01
4.906298601615547428e-01
4.468492580617290377e-01
4.117978554487476961e-01
3.916409575911380947e-01
3.849573443071921952e-01
3.839414672742906265e-01
3.854811565726348754e-01
3.860395733630349047e-01
3.861601436015703048e-01
3.861943591573119838e-01
3.868203859145192824e-01
3.854204166520559527e-01
3.855400337226282392e-01
3.857524997798779665e-01
3.863040676153640662e-01
3.849411140023289990e-01
3.859321312166258400e-01
3.861618565525750113e-01
3.848279570297243879e-01
3.850310558439428710e-01
3.851520895047458315e-01
3.852482292362471861e-01
3.854741866871682077e-01
3.850901351558114194e-01
3.843500266026919077e-01
3.842964852205644211e-01
3.847965010478306414e-01
3.851303274740403015e-01
3.846746562462112773e-01
3.846900059498292723e-01
3.849237223835439980e-01
3.845762500492661551e-01
3.844050115182479077e-01
3.847176687919731108e-01
3.845367992235960153e-01
3.842063281976534905e-01
3.845274982300445621e-01
3.852184348069916942e-01
3.846139955762696294e-01
3.840010144015865157e-01
3.841480925966848092e-01
3.841020475703006976e-01
3.838972173965673473e-01
3.833436932693030097e-01
3.833580951549929172e-01
3.831866151389018982e-01
3.837468771895490294e-01
3.840863853604862821e-01
3.846045621022912697e-01
3.839086395094120086e-01
3.843601551581030673e-01
3.837109850418609636e-01
3.838676155260999368e-01
3.838190885830516930e-01
3.839743528889219548e-01
3.835297630153048920e-01
3.830414003813742418e-01
3.833669415756528753e-01
3.828604213734628781e-01
3.829994099331299195e-01
3.830965983160717903e-01
3.832205813066772992e-01
3.831285607083395051e-01
3.831035763111792503e-01
3.822443608126300241e-01
3.825988662973777710e-01
3.827172612994688139e-01
3.833013883365030128e-01
3.829293516262494146e-01
3.830350612320085890e-01
3.835376632583418766e-01
3.827271263093605658e-01
3.825682271910366139e-01
3.838542513885556673e-01
3.833151829074794570e-01
3.826359724282387131e-01
3.836935555728078207e-01
3.832700227025446216e-01
3.825777529797362297e-01
3.822267214061262353e-01
3.829190296268374372e-01
3.824576186820856649e-01
3.821803905018059666e-01
3.818002037884337674e-01
3.816683027115956306e-01
3.817368289844306761e-01
3.828501585848598787e-01
3.824319688655329896e-01
3.820437686851484438e-01
3.829378373390253110e-01
3.837570936011324707e-01
3.814013952154980958e-01
3.825449746500440562e-01
3.831134465811700252e-01
3.826025756223514485e-01
3.818673390951573543e-01
3.831307695022699300e-01
3.832851368332153563e-01
3.822532956205631494e-01
3.818717592321526078e-01
3.820229922472603845e-01
3.817688029124399751e-01
3.820630673842303482e-01
3.823785692910549039e-01
3.821546900905020139e-01
3.820430188550461015e-01
3.825728304448643979e-01
3.821759247823519057e-01
3.819772995940596272e-01
3.822356322302496445e-01
3.825528871785284779e-01
3.815493737755904502e-01
3.817457990619642083e-01
3.829760311172641374e-01
3.814904438593422764e-01
3.817032406041126480e-01
3.829651801090833141e-01
3.826158936897244289e-01
3.817051263410398132e-01
3.820450839467773863e-01
3.822858627555097977e-01
3.817618212658089871e-01
3.818008181919149147e-01
3.818948168612629201e-01
3.810578042963193024e-01
3.816941524987208512e-01
3.824497448203856287e-01
3.821698181282691120e-01
3.812715912904067195e-01
3.823462271476504859e-01
3.825435016870330496e-01
3.810261687351810811e-01
3.818074712548243932e-01
3.828845601555662670e-01
3.821056334717223835e-01
3.808823099813605229e-01
3.825382849935706209e-01
3.822592352103204028e-01
3.818561248688818743e-01
3.815576132941895793e-01
3.817513454195770595e-01
3.813822792966929387e-01
3.814896104986236214e-01
3.821435682483284024e-01
3.809614923450168056e-01
3.814974662465808186e-01
3.819642723907752391e-01
3.819127627586146878e-01
3.821847378783513327e-01
3.823977600704140944e-01
3.828449362186890359e-01
3.815000371918481070e-01
3.811404630922653469e-01
3.830300995102395856e-01
3.812635848542241801e-01
3.811760193501859129e-01
3.823754937399418963e-01
3.823087331542867062e-01
3.807462298163892811e-01
3.812135238138831261e-01
3.818232035326276641e-01
3.815448073704142407e-01
3.811738577284266016e-01
3.813501990906122963e-01
3.808501162117123306e-01
3.811737342313714083e-01
3.814502318047767182e-01
3.818139714288883435e-01
3.816553429187656832e-01
3.828001504599374272e-01
3.825417685046806904e-01
3.809459086477232082e-01
3.820464172200560560e-01
3.834647888912053326e-01
3.809974032636671004e-01
3.807659314980832987e-01
3.829072654253490859e-01
3.814092999965073005e-01
3.812860075294179363e-01
3.811987184942692841e-01
3.816961488155263260e-01
3.813589643922072336e-01
3.812809048148410596e-01
3.810634056091035116e-01
3.803511414083386444e-01
3.814208149282919402e-01
3.814443008660529655e-01
3.815556912176850113e-01
3.816234260487174623e-01
3.823591242467906937e-01
3.817729516573964421e-01
3.805427331523321133e-01
