7.388745753893127244e+01
7.017278557949367723e+01
6.682137644520113895e+01
6.519253243029659473e+01
6.225830388815286653e+01
6.030472480911918609e+01
5.802094350909579390e+01
5.255045997168785021e+01
5.381547191610458469e+01
4.958410925908518863e+01
5.271937154068309894e+01
4.938089428006171033e+01
5.295245085577477084e+01
5.075139685108836574e+01
5.186066263476725169e+01
5.155650277012927063e+01
4.955476329730004892e+01
4.928160592471806467e+01
5.505274733453678238e+01
4.902639671959897072e+01
5.120118479997045569e+01
5.099262838689222832e+01
4.929107041962031843e+01
5.024867235976926594e+01
4.919720972455129981e+01
5.182991190083681943e+01
5.302780249822769321e+01
4.909237623990180310e+01
5.325466384154332644e+01
4.913134128783056553e+01
5.228339903196773975e+01
4.894540256864517858e+01
5.237977653332455219e+01
5.017876201891660060e+01
5.158735296430072026e+01
5.094253514590169374e+01
4.966166254761836285e+01
4.878823930805533848e+01
5.492793848564434001e+01
4.831187242316980246e+01
5.082468213041783400e+01
5.073188955761261809e+01
4.924737375136038509e+01
5.005665109434176685e+01
4.950196419731651076e+01
5.092747054325752742e+01
5.281770771187171221e+01
4.901684453698221233e+01
5.294955182545925254e+01
4.881583185676880987e+01
5.210840400070410539e+01
4.841372830333180843e+01
5.219904839229988625e+01
5.001422333278263466e+01
5.148776297521087741e+01
5.096530583995624397e+01
4.949674497856171485e+01
4.864932930496167529e+01
5.500047493184247571e+01
4.855085742310279784e+01
5.080057253021756480e+01
5.034848684843026945e+01
4.932575124740625938e+01
4.971843283902529720e+01
4.921692622291033103e+01
5.140173125535227427e+01
5.247751243601979354e+01
4.882532306257935772e+01
5.262792216553583557e+01
4.885492110286669032e+01
5.212097592853235994e+01
4.887552503210864785e+01
5.239226375474741815e+01
4.983024876829545491e+01
5.122106662613891359e+01
5.097005797389844872e+01
4.944472670013269777e+01
4.852736802347348544e+01
5.429616895194071446e+01
4.814977620779050937e+01
5.039776887550625872e+01
5.044634486121044148e+01
4.932946299817138680e+01
4.950168459723441572e+01
4.872729723338803609e+01
5.098639912691781717e+01
5.229820322139774191e+01
4.861024307180760928e+01
5.277815589167545340e+01
4.835747622220650754e+01
5.101206602734919926e+01
4.771785584504411304e+01
5.202149536581185174e+01
4.934648329229720076e+01
5.080444044861069131e+01
5.041444086025816063e+01
4.875175161466112428e+01
4.779142089203295285e+01
5.404106833542016375e+01
4.765132695998460832e+01
4.974331504682745475e+01
5.010403301192441461e+01
4.870860346545369879e+01
4.881191650356768008e+01
4.835078848585160216e+01
4.991798403869490386e+01
5.185684146730448418e+01
4.836500809269854528e+01
5.201431058351709424e+01
4.784649352006015022e+01
5.132053472552502882e+01
4.744651963621268465e+01
5.168446672758581428e+01
4.927492749926265958e+01
5.063913290639705167e+01
5.022871313860807874e+01
4.860666216189775213e+01
4.738205160668242399e+01
5.402746621430171814e+01
4.718073435773008129e+01
4.968748438637683051e+01
4.991036958016490388e+01
4.821832459985441233e+01
4.878293847129788219e+01
4.808516022609762075e+01
5.021079741615085368e+01
5.158070932566845102e+01
4.782691793217371412e+01
5.149111533529148232e+01
4.765301217221615104e+01
5.096823515644322100e+01
4.712562256928106308e+01
5.173259555607359772e+01
4.884503339606814620e+01
5.033403962942563226e+01
4.987662439671380810e+01
4.848172760699611672e+01
4.769757887944037833e+01
5.348282418927180260e+01
4.717228118150829630e+01
4.955969651396112141e+01
4.975911882226012040e+01
4.812828568966087062e+01
4.871614691273754261e+01
4.801493420855901206e+01
4.978400957246076786e+01
5.143522202171868685e+01
4.795758403631907640e+01
5.142696478981309127e+01
4.790153147783890830e+01
5.092680095474200641e+01
4.703425777321060508e+01
5.156953247486763559e+01
4.864571906462668238e+01
5.021079588657018888e+01
4.986953105115605211e+01
4.838235310177822868e+01
4.725857035570145115e+01
5.367065356044152225e+01
4.709777022964264148e+01
4.979562721421041971e+01
5.001206793085506064e+01
4.864272794054836169e+01
4.834222430987447439e+01
4.791791710662113957e+01
4.997517145734603616e+01
5.125672683744126346e+01
4.792718098999490195e+01
5.169617764480798172e+01
4.745045680186852621e+01
5.058190695736556108e+01
4.662619096740422009e+01
5.194314823554078231e+01
4.862190953778480207e+01
5.027575555403251428e+01
5.016333565798064598e+01
4.849769240515973223e+01
4.754444777803126243e+01
5.406357064973112614e+01
4.758786467904801754e+01
4.960427328987606899e+01
4.987749217526027934e+01
4.833775622932978422e+01
4.838462577712779478e+01
4.807144156030401660e+01
5.019142889111092387e+01
5.156562901347791694e+01
4.793103898742649704e+01
5.167895313755452236e+01
4.806475961065056879e+01
5.084322713407108552e+01
4.729192957464913150e+01
5.146635425806186248e+01
4.864006921212136803e+01
5.028416613304305116e+01
4.987828969429586579e+01
4.860848334050913166e+01
4.721221655065898659e+01
5.392810615873923297e+01
4.739365658227691114e+01
