6.881819516727144537e-01
6.526639260778182017e-01
6.167841243289186037e-01
5.785584139493544775e-01
5.393661701452786561e-01
4.990595145002671429e-01
4.582422893481510884e-01
4.244536727810039323e-01
4.008754403255482268e-01
3.892893548284254157e-01
3.852484878881058949e-01
3.839083290601063014e-01
3.852726227457901609e-01
3.850908093761286066e-01
3.848287657999872047e-01
3.842351475295399110e-01
3.850007026498588059e-01
3.852953015740787079e-01
3.847665359254647255e-01
3.846360712441296292e-01
3.836602188712182615e-01
3.838938504213219027e-01
3.834700822181646429e-01
3.841324491394177976e-01
3.841012520079920001e-01
3.841746653373078746e-01
3.842252706269649876e-01
3.841099651045877250e-01
3.839986270413776048e-01
3.836490133736710217e-01
3.848615128756369130e-01
3.841014456588098813e-01
3.843004603994884527e-01
3.831213597266741600e-01
3.833741069832614645e-01
3.837692243815004622e-01
3.832002135402376997e-01
3.825623195391252285e-01
3.833341739811237381e-01
3.833359520308055046e-01
3.826827674085041542e-01
3.823140381248283926e-01
3.823681654822664866e-01
3.814102195434463938e-01
3.808740296143465209e-01
3.800286387307722502e-01
3.782728874238210359e-01
3.768690892546306959e-01
3.767208526287624260e-01
3.764710144503689015e-01
3.765509479890361000e-01
3.758197650558532388e-01
3.764439940438345511e-01
3.757386080976216625e-01
3.751844168133972035e-01
3.749340200221807917e-01
3.765924420810653483e-01
3.751612130562108072e-01
3.760590151932847180e-01
3.749530970750928893e-01
3.756301456533923666e-01
3.745882100564667527e-01
3.750402047077853740e-01
3.750681292007133627e-01
3.743825894627890172e-01
3.744141394220085184e-01
3.752040827391517341e-01
3.740395435988573269e-01
3.744005802665950622e-01
3.740399275248100786e-01
3.743726936067330313e-01
3.737240850578982809e-01
3.742914757502887602e-01
3.738227427715401507e-01
3.741107570143836769e-01
3.738258668837267651e-01
3.745327573324399584e-01
3.733928840369300506e-01
3.738772576042043716e-01
3.732518087882346070e-01
3.732037331200903085e-01
3.726415272431590209e-01
3.725585049790184899e-01
3.711554362256254680e-01
3.708287975496935562e-01
3.713437003525491553e-01
3.712337948840770396e-01
3.713898724091198589e-01
3.710652262191612150e-01
3.701816050632767419e-01
3.709534457398372953e-01
3.710854699423019043e-01
3.706778216250781188e-01
3.704353198418753879e-01
3.709827556292430994e-01
3.710085209337991019e-01
3.706958046746827162e-01
3.707333439965252442e-01
3.707625155399401073e-01
3.703793425474832257e-01
3.704306139569270573e-01
3.702465070304308825e-01
3.707825727511891989e-01
3.698391545374397071e-01
3.701128949679914348e-01
3.703251842529205473e-01
3.704222480100129999e-01
3.706741603310539923e-01
3.706063634115874805e-01
3.699574395017378170e-01
3.701667566249982610e-01
3.704724285099940118e-01
3.706264140513373384e-01
3.700374423264414792e-01
3.702795982630807670e-01
3.699764297413135061e-01
3.697446858513435686e-01
3.704399735311303399e-01
3.700927968099970156e-01
3.708187266754058298e-01
3.698863241519238509e-01
3.705924339311977289e-01
3.709219855955105949e-01
3.698503713880887389e-01
3.706500780851609278e-01
3.695306964683294781e-01
3.709086056074875071e-01
3.700462353178046171e-01
3.704584605280247800e-01
3.700646791149283521e-01
3.696094811750151865e-01
3.697845753520643264e-01
3.701642384791465901e-01
3.708180794064822039e-01
3.692842803518555095e-01
3.699445684475800578e-01
3.701420357839890762e-01
3.702561726017529753e-01
3.701807733100036524e-01
3.703632938007207498e-01
3.701875274818778316e-01
3.697765165377511209e-01
3.703836854516441845e-01
3.698350083793295329e-01
3.703032908652910682e-01
3.701848602249937503e-01
3.700062922530720777e-01
3.693574501988312608e-01
3.700951274027781679e-01
3.701454473376410426e-01
3.697847739739986705e-01
3.696783119710187471e-01
3.704373667671129189e-01
3.706016036171189687e-01
3.696553992894219820e-01
3.700282076616913107e-01
3.694303812894821903e-01
3.700698306594035203e-01
3.697844371529463992e-01
3.703623540136946612e-01
3.692169519002964084e-01
3.708322710615146178e-01
3.692732117336712805e-01
3.690718031300458946e-01
3.699982711851985684e-01
3.694094362287611011e-01
3.705317601051125731e-01
3.698884817155307925e-01
3.696067276638662080e-01
3.698799414658617835e-01
3.703109702454921437e-01
3.705269438907725088e-01
3.698666910122336837e-01
3.697170148458314709e-01
3.701186179029300471e-01
3.706862975270385774e-01
3.702002821032142066e-01
3.699969210890519111e-01
3.701728067835614588e-01
3.703141765529754381e-01
3.690997735589465201e-01
3.703220334991356721e-01
3.698984848271366643e-01
3.699605274657729037e-01
3.700330786822094709e-01
3.702341195546485220e-01
3.699963965000793720e-01
3.703209288799521604e-01
3.700809774517964112e-01
3.698287345025829120e-01
3.701086929854909835e-01
3.703020173701381257e-01
3.700877613537175148e-01
3.706017383281980382e-01
3.703678111599237877e-01
3.697204965689380729e-01
3.698775459985649272e-01
3.702485203499757960e-01
3.704346307126010207e-01
3.701384289969280039e-01
