6.384769169825611490e-01
6.144769845948333531e-01
5.857788628200916170e-01
5.514227832627310866e-01
5.094256521471239862e-01
4.624424385504971591e-01
4.205145438562926663e-01
3.932783223785271121e-01
3.818722258475851228e-01
3.793595093891565795e-01
3.804414119355166157e-01
3.821548253488945002e-01
3.816473351281025050e-01
3.813623337662479518e-01
3.812918183154285767e-01
3.804638123378170089e-01
3.803364287515915154e-01
3.806850677340467004e-01
3.803356115437846463e-01
3.809129506924084918e-01
3.808640549761481697e-01
3.795503021272725319e-01
3.802899347705838151e-01
3.812887101328214512e-01
3.806034896822705349e-01
3.802134544458293242e-01
3.804725082925172752e-01
3.808609123902607640e-01
3.801433133598994263e-01
3.794446222965983107e-01
3.804924779508602750e-01
3.800070305829576500e-01
3.793118662608129243e-01
3.798283828272087659e-01
3.801115277418227190e-01
3.783444251402560687e-01
3.780847351329846839e-01
3.769411301416512594e-01
3.753033041059243846e-01
3.757030408268979271e-01
3.732244704665229618e-01
3.732357253988137225e-01
3.728796334564394854e-01
3.731143663843514147e-01
3.726340373046603260e-01
3.728450434783033285e-01
3.726797853995155729e-01
3.723101772245383523e-01
3.727156977997486131e-01
3.720514027857188544e-01
3.721161245609880819e-01
3.727135480211443141e-01
3.723108887517488919e-01
3.721857955450466604e-01
3.721678995384380961e-01
3.713836546939123795e-01
3.715936931072835181e-01
3.720731796830383242e-01
3.711744159590695813e-01
3.717534330254476660e-01
3.716028120619881414e-01
3.712997955983182718e-01
3.707217535659597107e-01
3.713533595032073031e-01
3.710063779894507974e-01
3.716225995200004850e-01
3.713320665416029454e-01
3.707848452019433250e-01
3.713182669850708661e-01
3.712165200910940710e-01
3.716924030368223830e-01
3.706885467895617570e-01
3.713258662577719194e-01
3.705816317815154304e-01
3.713555255994724358e-01
3.710762062934587768e-01
3.709009850114041162e-01
3.710515585873288003e-01
3.713655385421058552e-01
3.710468296533220300e-01
3.715289607124097060e-01
3.708378880480732165e-01
3.707159259925829620e-01
3.707320497982862784e-01
3.707413085446113477e-01
3.712976802630849060e-01
3.702334821310667157e-01
3.710864992969581388e-01
3.709223093597415755e-01
3.708978966527478605e-01
3.709600878550975978e-01
3.707885040839273838e-01
3.708067221028585880e-01
3.709856797264401984e-01
3.711667329700976126e-01
3.706272425316251562e-01
3.707505689294094409e-01
3.711720330408828650e-01
3.703752421103669312e-01
3.704529947197695572e-01
3.708595386934693261e-01
3.700482332266639141e-01
3.704472607559707309e-01
3.715133775051545628e-01
3.702184930777495664e-01
3.707289256267357058e-01
3.703595922491814130e-01
3.707251202654548994e-01
3.703468686721423930e-01
3.708360641962282211e-01
3.699755479986205353e-01
3.702544201607137486e-01
3.701568353965752345e-01
3.702240585418369867e-01
3.703207565083232455e-01
3.708152412909664908e-01
3.701019116697411571e-01
3.713503722344538294e-01
3.699657388256089585e-01
3.709839344906235015e-01
3.706741221102403672e-01
3.703100747924226721e-01
3.704388009130941128e-01
3.700414329636411148e-01
3.708482782650828757e-01
3.700111936625742337e-01
3.708357065158835453e-01
3.698358077078429673e-01
3.704457894140482099e-01
3.701746394288772390e-01
3.701528249040574314e-01
3.702670424144071659e-01
3.706430380410556946e-01
3.699837310701609705e-01
3.707989897016407133e-01
3.699119833128033941e-01
3.702316223640198523e-01
3.701838034293727375e-01
3.708751999384253817e-01
3.703779125214775592e-01
3.698306532115515632e-01
3.701747649056315592e-01
3.696019743397774837e-01
3.703382532325421583e-01
3.693175931815199098e-01
3.702736285032926511e-01
3.694701287097785225e-01
3.691964244105120363e-01
3.692189629684398122e-01
3.691557198365867376e-01
3.690179629157634977e-01
3.684904109010770368e-01
3.683310448344626620e-01
3.688301316872126256e-01
3.692599206425294378e-01
3.687685752883110846e-01
3.685660139624341580e-01
3.689508688778894152e-01
3.684643158909858274e-01
3.685964812088189935e-01
3.684085398601393280e-01
3.683492146557392766e-01
3.680904633169657658e-01
3.687171360780296947e-01
3.691594087418182402e-01
3.681866549604302929e-01
3.686225788967854022e-01
3.689311125678567116e-01
3.688863529946640463e-01
3.686265758614761801e-01
3.683546366390030857e-01
3.682512938636832711e-01
3.693192399615437549e-01
3.687132612663605036e-01
3.683902895087469154e-01
3.684380905430537645e-01
3.685357093788430571e-01
3.688673957196588193e-01
3.684702429991402739e-01
3.681559847101185112e-01
3.685543669180618709e-01
3.687270276993441231e-01
3.683598133476169156e-01
3.690480441355465935e-01
3.686895725689407488e-01
3.687389304569651527e-01
3.683338424059983129e-01
3.684346736736383021e-01
3.690898087580709030e-01
3.690900596019058844e-01
3.679624281329010871e-01
3.686453376312229246e-01
3.685754514444309349e-01
3.691907358722066324e-01
3.686697635302971787e-01
3.683111702326979930e-01
3.685620305197183644e-01
3.685392858881395006e-01
3.690681605406476162e-01
3.682782282005084284e-01
