6.935904412401434627e+01
6.496212461630440771e+01
6.428457666929745074e+01
6.292044510350497433e+01
5.752949214086198282e+01
5.296246159843144596e+01
5.431029557230174731e+01
5.365456799419969514e+01
5.381668733391955328e+01
5.100270943157044456e+01
5.116995107150556521e+01
5.278856035090462484e+01
5.180933546558105007e+01
5.295714943949134579e+01
5.031358713639566815e+01
4.754180392510790654e+01
5.141169784584711522e+01
4.733049852294735160e+01
5.198798712196106209e+01
5.113255777687886905e+01
5.521796162886930404e+01
5.033387116761950608e+01
5.085052206803963770e+01
5.305850620211780466e+01
4.781175450049499176e+01
4.628802913609356295e+01
5.201880796517232142e+01
5.240433299468738682e+01
5.171463689870577696e+01
4.982411916564802823e+01
5.058397848831767618e+01
5.188330737588574237e+01
5.080604865312585616e+01
5.271627905599675046e+01
4.939352429035842817e+01
4.739002201807800674e+01
5.077830548615173001e+01
4.709561584867557826e+01
5.143466630306410536e+01
5.070552436388057060e+01
5.494957392988356304e+01
4.981293221582996011e+01
4.999737862925812237e+01
5.240450998912246661e+01
4.745531670138191060e+01
4.562704067684301634e+01
5.207005227058198926e+01
5.189233424096323688e+01
5.157923053170313921e+01
4.965497208005335494e+01
5.054032513761379874e+01
5.188125701667842549e+01
5.113839296848473737e+01
5.219548496357025869e+01
4.911645302814964964e+01
4.694145491269981108e+01
5.070609462025022651e+01
4.689735095396196130e+01
5.178625893239090772e+01
5.087066899887430793e+01
5.428642225091879681e+01
4.970652590666572479e+01
5.025792465149402233e+01
5.166068815372034351e+01
4.780087649512548609e+01
4.550859758508526909e+01
5.187153783298832366e+01
5.191624905210230168e+01
5.129633570356637051e+01
4.940363974756981236e+01
5.025992041543674560e+01
5.170607448813662899e+01
5.077989724059150944e+01
5.222828731164531035e+01
4.875967551008452006e+01
4.680970588862771109e+01
5.028359766964894106e+01
4.588568942039751164e+01
5.110783900038993721e+01
5.041832603413227787e+01
5.415292097970493046e+01
4.892995358134498929e+01
4.952505380901875043e+01
5.124508047083192253e+01
4.657234159009185248e+01
4.450741308632008497e+01
5.142549805263404750e+01
5.132112793455748090e+01
5.071294071434710560e+01
4.863341733982750270e+01
4.920799709597691418e+01
5.101466010156138964e+01
4.992506078502904643e+01
5.175652251889783173e+01
4.819496703131827076e+01
4.652402311433816351e+01
4.984284516070339777e+01
4.538412888265308709e+01
5.098644263888133565e+01
5.008111549623060910e+01
5.348661410488686840e+01
4.852461306194241786e+01
4.931344114280880575e+01
5.127458744226368026e+01
4.617441069382201846e+01
4.418568021776281540e+01
5.141858651473654618e+01
5.154310047557927987e+01
5.056205643745306588e+01
4.839885110207600860e+01
4.935179213020249023e+01
5.077526535438258293e+01
4.975912999499002609e+01
5.176212959078208087e+01
4.814067598266647252e+01
4.621855531623714342e+01
4.972090538054555253e+01
4.545560442417124136e+01
5.076473814040873833e+01
4.989840255975763483e+01
5.382996756331611010e+01
4.865358617008963193e+01
4.939461657089414359e+01
5.158979334884759993e+01
4.640030137734706273e+01
4.431015404367098398e+01
5.109915423496608611e+01
5.108410986536472365e+01
5.078499755811748173e+01
4.843272770495816815e+01
4.921700634653706175e+01
5.060182125777375717e+01
4.965421791123053197e+01
5.153321104062798241e+01
4.826355185019653504e+01
4.594806307075364060e+01
4.989414192368247569e+01
4.550232363476514763e+01
5.105246596551886995e+01
5.004637562261000028e+01
5.360905088327378110e+01
4.824203716004558373e+01
4.926424785980324117e+01
5.098930466454840627e+01
4.645551306440824391e+01
4.404430962026263785e+01
5.128483377891347317e+01
5.102019553392221951e+01
5.055432339418504739e+01
4.838326033936061776e+01
4.894079433089417108e+01
5.089049961910873776e+01
4.958399473326245044e+01
5.159239686368361788e+01
4.824065196444977488e+01
4.630808557833271522e+01
4.991083260821200440e+01
4.565278268568337694e+01
5.062156656122959930e+01
4.972321135240743928e+01
5.398584352421492838e+01
4.814757757755565848e+01
4.949715077635414673e+01
5.096604855194028971e+01
4.619686700957159786e+01
4.393071008347802575e+01
5.110855271328646410e+01
5.097518280873337915e+01
5.058899637537847838e+01
4.875624113625321598e+01
4.908335529931503771e+01
5.036998946785280395e+01
4.944830599670821414e+01
5.143987617198791895e+01
4.832408562205925051e+01
4.572236213625612322e+01
5.024903017104659142e+01
4.538304330198919700e+01
5.108306443259847640e+01
4.969998075321680631e+01
5.355035930461620097e+01
4.820780182414507919e+01
4.927172134153327221e+01
5.140116100645161623e+01
4.609000110732361577e+01
4.426878170914004329e+01
5.112508188962965505e+01
5.113044840218308451e+01
5.102005081207431658e+01
4.831103971454699320e+01
4.911830453754319592e+01
5.088241329703983951e+01
4.954884863928092642e+01
5.184782281202240739e+01
4.839545518448684902e+01
4.612187937538482885e+01
4.990164186585139561e+01
4.521118241881929833e+01
5.064782619922721096e+01
4.990566155733355203e+01
