7.357109596528886186e+01
7.144521220296053343e+01
6.916944536548135147e+01
6.802609104927377359e+01
6.571596331523348056e+01
6.295276106381745507e+01
6.113206729104079784e+01
5.920201561349649921e+01
5.173666741954631476e+01
5.244013448030656122e+01
5.166917649422884296e+01
4.918897502016869794e+01
5.294485127766361643e+01
5.079749426822257163e+01
5.448124656215748018e+01
5.176892072421329516e+01
5.158971746381499202e+01
4.904594096975690576e+01
5.308636388925179972e+01
5.110391827928162201e+01
5.023937146069255277e+01
5.047763605109256702e+01
5.130987303481315109e+01
5.167637597512987924e+01
4.940731835876230349e+01
5.042274719064159427e+01
5.134497225228555806e+01
5.316449482020619399e+01
4.817918952060234972e+01
5.064991520023351512e+01
5.013444944503928724e+01
4.831619898144762004e+01
5.165259343820429905e+01
5.021072943500265495e+01
5.391687062354404247e+01
5.124230494392920576e+01
5.144673395232025115e+01
4.855393206953509377e+01
5.304013106372924824e+01
5.107563055373024241e+01
5.005724120526993914e+01
5.038468432666523000e+01
5.119833240412420849e+01
5.123559754190678461e+01
4.937774761452824634e+01
4.992908087541341899e+01
5.067457394549357019e+01
5.284735056234539741e+01
4.786554448808676199e+01
5.005363923284292582e+01
4.996890761924171187e+01
4.764723861067206201e+01
5.102108005504587140e+01
4.972036946539679292e+01
5.373289666389843688e+01
5.070161392389392319e+01
5.076170345980048637e+01
4.785158223111373132e+01
5.231201922064479959e+01
5.062711927524868827e+01
4.946137338625766233e+01
4.962762029413622145e+01
5.066223391131462961e+01
5.127335029173133307e+01
4.891286199020356662e+01
4.969373587680200899e+01
5.048526464762619526e+01
5.258414634343235861e+01
4.744812443855632722e+01
5.007772811589386208e+01
4.971704567117237161e+01
4.748385231866856770e+01
5.112051559286008739e+01
4.987798320826561849e+01
5.319835525419808420e+01
5.071198560101424846e+01
5.050889668348003170e+01
4.759056914578860642e+01
5.245696305716077035e+01
5.001210017823559184e+01
4.943391434187100941e+01
4.997114940753184698e+01
5.046672289067509354e+01
5.076709787709067712e+01
4.861639888742385551e+01
4.961603185737922672e+01
5.027137186937489588e+01
5.244695170346946611e+01
4.732408850443975012e+01
5.009383805327978934e+01
4.942307214988365160e+01
4.796342752554387801e+01
5.137952988888745409e+01
4.973864606429386015e+01
5.366477143349689527e+01
5.031631172559107057e+01
5.070317979015187859e+01
4.771206341981655896e+01
5.225536368602610082e+01
5.073547299722560666e+01
4.918655773599973458e+01
4.976306286221658581e+01
5.078155380935150731e+01
5.113278069332281461e+01
4.886439203444312085e+01
4.962785281370406665e+01
5.021380581808037391e+01
5.227571438497895429e+01
4.717452081908196249e+01
4.985387646584275956e+01
4.989294177340848790e+01
4.743828147310987475e+01
5.102381531090408373e+01
4.918634663056394629e+01
5.355780360193092093e+01
5.075441103299525736e+01
5.069306583184939541e+01
4.772389250629046842e+01
5.216479030281937668e+01
5.082027669800576319e+01
4.954608584508316227e+01
4.963294951180846226e+01
5.038450664558021685e+01
5.079436070225813893e+01
4.823538530115529710e+01
4.957330949726130598e+01
5.065887586784892704e+01
5.261605631576492215e+01
4.701145043662252476e+01
4.981789734804307557e+01
4.966795464455847053e+01
4.738456429284100579e+01
5.083704576725104829e+01
4.973356121048514211e+01
5.322424743825809657e+01
5.074350012193296777e+01
5.080548205846580601e+01
4.740773992796435721e+01
5.228856874403014388e+01
5.014160552818839989e+01
4.926429590710103668e+01
4.942198823178914324e+01
5.044202278807177464e+01
5.071732477875500678e+01
4.860807373213140181e+01
4.973339770977022312e+01
5.074868777523182928e+01
5.236290355045586153e+01
4.696780820649785682e+01
4.996774287293244754e+01
4.954728017475780888e+01
4.754067857841110367e+01
5.117173118972782220e+01
4.920634506309305323e+01
5.306889799677798436e+01
5.058447391662020465e+01
5.075173417362102413e+01
4.757604381660598136e+01
5.225264629474393985e+01
5.031025778453650332e+01
4.936225314573379563e+01
4.918074922887036138e+01
5.063643548964697771e+01
5.074696391061344514e+01
4.863490193384642168e+01
4.943850227263659747e+01
5.029979049356870746e+01
5.283551812775570511e+01
4.685090981370878893e+01
4.980613216262319298e+01
4.922902966432919669e+01
4.736215571811671765e+01
5.056587656904672912e+01
4.877201249102994041e+01
5.308484979685499638e+01
5.018965815006736619e+01
5.017730943288935208e+01
4.721923450922885479e+01
5.182838594074902261e+01
5.004918200133725747e+01
4.902204576521973678e+01
4.916572091952678392e+01
5.042705830739860318e+01
5.064161046758452045e+01
4.837099569260688980e+01
4.930499025166123772e+01
5.006308059433091273e+01
5.237077086544260851e+01
4.676041684693643674e+01
4.971276172357796241e+01
4.955626222853995699e+01
4.706733315735633028e+01
5.045952556368452235e+01
4.905107751202223199e+01
5.332283245850398856e+01
5.018203241684805960e+01
5.067378217539520335e+01
4.728337043276354024e+01
5.191450644971155270e+01
5.022506113827267882e+01
