7.437183641699515135e+01
7.144270655381247082e+01
6.964978883633106932e+01
6.789959734531851154e+01
6.517977192286900845e+01
6.329127634768509125e+01
5.728113803306083440e+01
5.547960075711554140e+01
5.579846534112373746e+01
5.471266489812694545e+01
5.343898767586955501e+01
4.961163048613968840e+01
5.116854568062267816e+01
5.257167300305949453e+01
5.401487297215154371e+01
4.879668925678762292e+01
4.981704863836983321e+01
5.206466420336826673e+01
5.256114558176020779e+01
4.916227593691878184e+01
4.846169592881911825e+01
5.226622568598251917e+01
5.058005904019815802e+01
5.251951668704674603e+01
5.001295764659649024e+01
4.960276178586396156e+01
4.670450050762897831e+01
4.863857278519670757e+01
5.288834098792016647e+01
5.328188438001903648e+01
5.308839321803714739e+01
4.910526024269455547e+01
5.034515417631693168e+01
5.201028608978011647e+01
5.367596726091716164e+01
4.795261123975489426e+01
4.973600961705402312e+01
5.184217360882473002e+01
5.256492132985149368e+01
4.927775767259620210e+01
4.820960332325796571e+01
5.193716234992539427e+01
5.036908558556773841e+01
5.236381284078755272e+01
5.006262645923053611e+01
4.989735209758411116e+01
4.654142905100564320e+01
4.869910952439661145e+01
5.285587381087497505e+01
5.350962104378143636e+01
5.278509131474776694e+01
4.915233270233152751e+01
5.057782029853691341e+01
5.199284855162476049e+01
5.359845394592933587e+01
4.842607509415549316e+01
4.981332119177787376e+01
5.189407932315139504e+01
5.244402452663761949e+01
4.911412767178740779e+01
4.844298741852126966e+01
5.162203450272937033e+01
5.054445098547372339e+01
5.260850206042095323e+01
5.000192688439175015e+01
4.962093644610038012e+01
4.671117032651791590e+01
4.848693249299793706e+01
5.247069386418921511e+01
5.354418630393200118e+01
5.277300183535776057e+01
4.912512117439175796e+01
5.021521114827129395e+01
5.177136501492156384e+01
5.368127313499581277e+01
4.815546630300259068e+01
4.957865613676176508e+01
5.167068457149377991e+01
5.258825076662674292e+01
4.925517897553747559e+01
4.824187355293563684e+01
5.187889615469606497e+01
5.020826938425077657e+01
5.241699891272077139e+01
4.935359118448342031e+01
4.968053503324060927e+01
4.662436057455328609e+01
4.850078854406162776e+01
5.229176580860625023e+01
5.315184407225897445e+01
5.259122274255160079e+01
4.928278494684931843e+01
5.023221150905458643e+01
5.165951638384444777e+01
5.362538327461124510e+01
4.807966569633600074e+01
4.969192437715059896e+01
5.145480568615835182e+01
5.273333946394658511e+01
4.924155962967918043e+01
4.822928587818321944e+01
5.137057398180354539e+01
5.041747383886288247e+01
5.247619868826643597e+01
5.015902540230315765e+01
4.921185298271796427e+01
4.640010016913985424e+01
4.865005728964747789e+01
5.262385043336990265e+01
5.322587582499454584e+01
5.266114074254377897e+01
4.914322600707227195e+01
5.047886217926511421e+01
5.169026722292588261e+01
5.342090212154873541e+01
4.829133817814010854e+01
4.957145810982542855e+01
5.168436515895166394e+01
5.255308760906396515e+01
4.893121056661687618e+01
4.833423854436867373e+01
5.192919222581117822e+01
5.011547705725568136e+01
5.227103457754549964e+01
4.963789937549762499e+01
4.933262479329105332e+01
4.651503627497514515e+01
4.861677617129701190e+01
5.237907626453516485e+01
5.325892885722803527e+01
5.302928606573555470e+01
4.891579730344826515e+01
5.002115585177812562e+01
5.173386599443419698e+01
5.336978151132428394e+01
4.793579141095104035e+01
4.932219943331216427e+01
5.192911710526006885e+01
5.274543606460145639e+01
4.915233449648550845e+01
4.816006817004422658e+01
5.189843721471168436e+01
5.008590861584483633e+01
5.224544018574874826e+01
4.995603558089086249e+01
4.969363958737307030e+01
4.660674546081722980e+01
4.894559709530722813e+01
5.242602222737964013e+01
5.345678995136847789e+01
5.285303195592442194e+01
4.890553302962241844e+01
5.018633842912302612e+01
5.187482596140762325e+01
5.348394060442517173e+01
4.820746173796926826e+01
4.960857667504257051e+01
5.205410861992036331e+01
5.234830032020257562e+01
4.910317337100489254e+01
4.834837310090305351e+01
5.166444433587317775e+01
5.001567154840385143e+01
5.223818770048629290e+01
4.992530103878497272e+01
4.953095506596490338e+01
4.630515005962885056e+01
4.864427209755089621e+01
5.245249187289530113e+01
5.293116864748619577e+01
5.253669428235364336e+01
4.859324701571060245e+01
5.001262013314806865e+01
5.187234305749647234e+01
5.343434967963100490e+01
4.819414663614966798e+01
4.934066240726274089e+01
5.169973749199779434e+01
5.256134468199790888e+01
4.910142702030643136e+01
4.823930364039748042e+01
5.162346318437034398e+01
5.025294716698827813e+01
5.231481568142886118e+01
4.969268021461454055e+01
4.927412037986670867e+01
4.666568700845066786e+01
4.863024100199599076e+01
5.225273115096133125e+01
5.343126534591631582e+01
5.282387170393224807e+01
4.873686368763272725e+01
5.036142349094888004e+01
5.196578152209077217e+01
5.360802977460402730e+01
4.846869763829926114e+01
4.976497908601713505e+01
5.172785886059408966e+01
5.252452005973443505e+01
4.886312664154875307e+01
