7.557343729569212520e-01
7.159779404235919742e-01
6.908771079511553115e-01
6.709322010056676389e-01
6.505971928823484074e-01
6.260221099993871219e-01
5.971246788799793315e-01
5.641701163359265081e-01
5.256084475091010733e-01
4.828675615417928335e-01
4.377611053362881477e-01
4.030361992398578952e-01
3.846369633294709489e-01
3.793558220935123737e-01
3.796330708653508079e-01
3.797412890486502879e-01
3.805544201581018693e-01
3.812550974035578411e-01
3.816049407882644018e-01
3.811928333221006326e-01
3.812117114148321217e-01
3.810777008869196680e-01
3.811624810143648401e-01
3.816458378670523621e-01
3.811879049991751534e-01
3.809143142576233432e-01
3.803827405376456472e-01
3.801474410716429442e-01
3.802735183283856846e-01
3.803828518660881119e-01
3.794263932313061694e-01
3.791646297070469518e-01
3.797855786020346569e-01
3.797785537933787148e-01
3.795631946930796974e-01
3.792249473442591556e-01
3.793591689366407893e-01
3.793820090114489174e-01
3.797925356817731801e-01
3.797912158205739575e-01
3.794751320860705879e-01
3.802182244592463567e-01
3.802715380766871212e-01
3.800080110336985784e-01
3.796555687002792778e-01
3.796690669090409531e-01
3.798330700015246086e-01
3.798957376930234831e-01
3.792635692404778824e-01
3.784116115044502959e-01
3.785398308722252025e-01
3.782903987511445076e-01
3.789212860230427582e-01
3.785013123805404112e-01
3.789141956580237558e-01
3.783332830815197001e-01
3.780240720053322234e-01
3.784409660052452384e-01
3.792181094675884934e-01
3.784990560292101347e-01
3.789177440076530456e-01
3.792250255562122363e-01
3.785727053310097290e-01
3.797311037790802035e-01
3.786439730591628083e-01
3.790227377850102775e-01
3.787134833402451828e-01
3.781857093937313063e-01
3.784658373183019675e-01
3.777525456136303084e-01
3.778336272190101486e-01
3.777610927741428259e-01
3.785798859895230239e-01
3.785194632779796953e-01
3.777069080825083969e-01
3.775846661796356529e-01
3.778286336510969234e-01
3.780460370752061205e-01
3.782007091251489150e-01
3.774703098746188812e-01
3.780273481862701512e-01
3.786937013658846496e-01
3.782506644724165645e-01
3.776664736016127066e-01
3.778205537421153171e-01
3.779119447866979287e-01
3.780897378320812741e-01
3.783475884793127686e-01
3.775585226249226212e-01
3.779311804556313992e-01
3.770142031537621063e-01
3.774330494578578277e-01
3.778919373711503438e-01
3.771779355554407687e-01
3.777649565071032889e-01
3.774141756211222831e-01
3.770667967961249256e-01
3.771513509861683655e-01
3.776883288528380955e-01
3.770297651265335226e-01
3.779941102264037234e-01
3.775012508179876880e-01
3.780747272129882930e-01
3.772075498082859690e-01
3.775199960265259724e-01
3.780175575221652040e-01
3.770800727766541183e-01
3.775483334418506254e-01
3.770346227916040460e-01
3.768169344043056368e-01
3.765858803140566535e-01
3.772233902672168515e-01
3.772269995804014009e-01
3.772416932315219573e-01
3.768919810998230813e-01
3.764103512077034974e-01
3.769854257598111436e-01
3.769879435032391091e-01
3.764852528872259518e-01
3.769220707391113812e-01
3.770620723663258289e-01
3.773613816321585990e-01
3.779643538007343428e-01
3.779763719490588092e-01
3.772022212454182455e-01
3.778338362675562889e-01
3.771851765697201708e-01
3.777202438961753672e-01
3.762843862338551837e-01
3.767101397712626643e-01
3.762251114884383463e-01
3.765746704077296281e-01
3.777883066875913909e-01
3.768128917492593044e-01
3.766614195479180971e-01
3.766106364338905332e-01
3.766193961123635581e-01
3.774725772752375863e-01
3.771585250804532219e-01
3.764405719427453278e-01
3.774048072685916022e-01
3.774708212698432708e-01
3.773103787379745722e-01
3.779261271062835381e-01
3.772099620664899899e-01
3.770170299232008526e-01
3.771332676516889748e-01
3.771755660844492986e-01
3.762107225292676271e-01
3.766970829923509956e-01
3.760618051240763871e-01
3.762958975604112632e-01
3.768295512673124903e-01
3.770518107588813339e-01
3.768560908026210576e-01
3.762130656016361985e-01
3.762851568677678116e-01
3.765704170907814841e-01
3.774055610787802051e-01
3.760908370689275415e-01
3.766512207632858877e-01
3.771969999769980153e-01
3.766802768232285215e-01
3.769270992549079158e-01
3.763990104755571275e-01
3.765015367377502198e-01
3.767261240021695934e-01
3.776493796326713115e-01
3.758674558301788871e-01
3.761150379550927680e-01
3.762854920400257597e-01
3.763759408522101557e-01
3.763416761057865045e-01
3.762007246911097114e-01
3.766281642007038299e-01
3.758926074488662117e-01
3.762178050497658743e-01
3.768386496079394465e-01
3.765506614136950869e-01
3.759873446199881730e-01
3.769274346466173209e-01
3.760048299393846660e-01
3.770358163157021547e-01
3.763181641281548306e-01
3.763563902580042142e-01
3.775920111464307061e-01
3.772201598410953594e-01
3.762154445042123485e-01
3.763205084822128788e-01
3.757108584187193734e-01
3.757007671034745533e-01
3.759398805520608455e-01
3.766119775182456553e-01
3.763954217132906566e-01
3.764469812203574683e-01
3.762237163636756310e-01
3.761725175404818655e-01
3.767889839994296164e-01
3.759055053534567370e-01
3.759411074865976476e-01
