6.929721483858254771e+01
6.650849308738004595e+01
6.445558579231055774e+01
6.373768280515051288e+01
6.081869698615174258e+01
5.669636966658143962e+01
5.605271454134349796e+01
5.110184789360134516e+01
5.109423925325635452e+01
5.120653899267085762e+01
5.264919207610032714e+01
4.804467064096797202e+01
5.158003749068920740e+01
5.083095407232899277e+01
5.040214005827008492e+01
5.068189174385114626e+01
4.994432907715876979e+01
4.840128422019967047e+01
5.170963295492990852e+01
5.245395893153212086e+01
4.671658406297376587e+01
4.968286579929108626e+01
4.698239724790947491e+01
5.351007556248664798e+01
5.251223067396234256e+01
5.024429763106677882e+01
5.317583753110631051e+01
4.926283228313979379e+01
4.977657542164909898e+01
4.938287630835741027e+01
5.196702830314733035e+01
4.695529061618715616e+01
5.139327530001955324e+01
5.046605911895112939e+01
4.954765875160907029e+01
5.029442227523897913e+01
5.021167349309908445e+01
4.767106703300702009e+01
5.088037365180224469e+01
5.201064563424298370e+01
4.586794215800419749e+01
4.912737874472944100e+01
4.652618740408197340e+01
5.298772105681440081e+01
5.189438532550642691e+01
4.984439208480912242e+01
5.218699359725153641e+01
4.858510621796083484e+01
4.944115616554241655e+01
4.918912537037353871e+01
5.180755101923657691e+01
4.609260133509274482e+01
5.066053253255513766e+01
4.960793118789499800e+01
4.898231228223598777e+01
5.003654692561371320e+01
4.924955565544470204e+01
4.749153569236305827e+01
5.072301034673792230e+01
5.167635662661800211e+01
4.583877765357517831e+01
4.904757259514887124e+01
4.634541195543147296e+01
5.282365913220039744e+01
5.209050331117670396e+01
4.959675967680057340e+01
5.262096597850366919e+01
4.869908314608059641e+01
4.906484006891846406e+01
4.948735641790004536e+01
5.154202865716974458e+01
4.649598312531558975e+01
5.072211277524441897e+01
4.979499257911088250e+01
4.919014009101542229e+01
4.972686867641437658e+01
4.912158000089758758e+01
4.751358428469523432e+01
5.088987099851588880e+01
5.174573650999244023e+01
4.573018723314510225e+01
4.898689958454820470e+01
4.633455731472788841e+01
5.275678467442092767e+01
5.160202658678242216e+01
4.951441671365138575e+01
5.238166066936632603e+01
4.836549689170270483e+01
4.942294872935710259e+01
4.913882199470527468e+01
5.139273581594355278e+01
4.666135708318873299e+01
5.028324443834431179e+01
4.968051044051240694e+01
4.892133969615206723e+01
4.973872632444179942e+01
4.902236891424033871e+01
4.730177439496652880e+01
5.095447277758741222e+01
5.162001801154796254e+01
4.566088127016108444e+01
4.904504821943673676e+01
4.640958426604046849e+01
5.299104549447098833e+01
5.206453007398332744e+01
4.944176912570643623e+01
5.203065214232425717e+01
4.821826832319791833e+01
4.904152836385758008e+01
4.893017222771855046e+01
5.122990529826689254e+01
4.632876307119719428e+01
5.030656287246536351e+01
4.934595557406694866e+01
4.933982346838453736e+01
4.959833425269291496e+01
4.933535963151467030e+01
4.721122869110268994e+01
5.074664850687917550e+01
5.173445519291004047e+01
4.551141621366350165e+01
4.887587426161520909e+01
4.599555428744804431e+01
5.267580635989365589e+01
5.175978719291990870e+01
4.942930469695940587e+01
5.258589829453244135e+01
4.837648728570710688e+01
4.925572391267971994e+01
4.897329015557100718e+01
5.147546195030421501e+01
4.645716299554525364e+01
5.012584393450373454e+01
4.920804271352703552e+01
4.872613319564018752e+01
4.981195163898511424e+01
4.899141677785782178e+01
4.716569215415835714e+01
5.092865469937563461e+01
5.156926384637945660e+01
4.550155787043988198e+01
4.908579686614424276e+01
4.601665805865248871e+01
5.264045944247497033e+01
5.157532496629298890e+01
4.914463814786626727e+01
5.175008588524789843e+01
4.820575001312504071e+01
4.868783662510526966e+01
4.896053512922863149e+01
5.141172663846337798e+01
4.563856826883240103e+01
5.044471802910886993e+01
4.942323866904782648e+01
4.897898484506391270e+01
4.921394142343051215e+01
4.872564661683266252e+01
4.704290708830883716e+01
5.055693679167067955e+01
5.183178278678899176e+01
4.552609588623607095e+01
4.890295667562482151e+01
4.560549590368925266e+01
5.276049086107884989e+01
5.155937865337514125e+01
4.941319832937874423e+01
5.213882639976003475e+01
4.818637708988876511e+01
4.869183494384453326e+01
4.880260163265310780e+01
5.115538918709760452e+01
4.566520236602551108e+01
5.029863787485267324e+01
4.924154692762152763e+01
4.867775706739289632e+01
4.945527245979728548e+01
4.889119350422236465e+01
4.690846343998386914e+01
5.017157735646216565e+01
5.139491995530757151e+01
4.520592094457813914e+01
4.897683613315340523e+01
4.555656264108075959e+01
5.275440653469261321e+01
5.171076515177968957e+01
4.903576104526803903e+01
5.181810677709278679e+01
4.776950972645540361e+01
4.906261449184641066e+01
4.860577225374692034e+01
5.129293369599917440e+01
4.571873787519879073e+01
5.011736341561097419e+01
4.921136162701318284e+01
4.891388207094581730e+01
4.939969658142545939e+01
4.867897074243384736e+01
4.694694709737471783e+01
5.058615747425201903e+01
5.153439607485269391e+01
