7.095730147928340781e-01
6.667578955022575027e-01
6.344058348910225353e-01
6.025994802065876010e-01
5.670742276434602713e-01
5.247693478232738906e-01
4.791708222189519084e-01
4.349005101509362259e-01
4.055437287140032931e-01
3.962932764797004737e-01
3.953469519205398686e-01
3.949303047524108101e-01
3.955140729519009968e-01
3.956322652608043611e-01
3.948434905419268004e-01
3.944928601452853956e-01
3.939316430425077731e-01
3.941296743975435946e-01
3.935058955336037667e-01
3.930179209352462344e-01
3.929584354053220485e-01
3.922558774493582479e-01
3.931054262384633402e-01
3.929931058552609824e-01
3.920228428146346200e-01
3.918475138413873848e-01
3.912465738227997591e-01
3.907664719107477036e-01
3.912783858489613520e-01
3.909510195853161396e-01
3.915913308803658510e-01
3.912453398207176303e-01
3.904924855319866217e-01
3.903182417853653385e-01
3.903710510181561677e-01
3.904599019331186915e-01
3.901177672427151299e-01
3.909482924729022479e-01
3.897285356297502390e-01
3.896570071376020405e-01
3.888228522158377887e-01
3.892068787107706984e-01
3.895149738618412516e-01
3.897090745776697895e-01
3.884771681930765941e-01
3.889028996510437430e-01
3.885816541428128712e-01
3.880985820167422995e-01
3.884855514958028833e-01
3.881217178669389423e-01
3.882222858329938409e-01
3.884296541372461720e-01
3.876077368733719664e-01
3.886909596458704708e-01
3.877413204596271701e-01
3.885666111599767603e-01
3.884785898005444493e-01
3.886784941273627725e-01
3.879928082823149715e-01
3.873266335162953711e-01
3.872570260794826469e-01
3.868001875096402919e-01
3.884183759325812724e-01
3.879173384563922578e-01
3.869586124706060337e-01
3.869305348634549113e-01
3.867147023720496346e-01
3.867532715938082899e-01
3.867464686236498639e-01
3.862609150135500879e-01
3.869272566430516647e-01
3.865243241018174736e-01
3.863528983764074609e-01
3.866884150600177206e-01
3.856180223440256460e-01
3.864427210750482344e-01
3.864311481683070371e-01
3.857554442276462381e-01
3.861283456781951506e-01
3.854995573261034147e-01
3.840262848325332046e-01
3.845400958581972062e-01
3.865957405922004764e-01
3.845345786636212293e-01
3.848772917080528488e-01
3.844672061167702659e-01
3.835137545525862390e-01
3.834628459000509748e-01
3.836626548625249322e-01
3.819950634169640424e-01
3.823027932146511043e-01
3.811933433112767444e-01
3.792933139834015477e-01
3.804057223308450753e-01
3.796643867338653222e-01
3.798617334227036846e-01
3.788078820742061259e-01
3.792574052118228844e-01
3.790753158178371551e-01
3.777286044094532169e-01
3.769914409254200294e-01
3.766528549567495499e-01
3.768958168760002669e-01
3.750253096202185721e-01
3.759564645671216732e-01
3.756670390473107468e-01
3.741220459211445637e-01
3.744640993545065855e-01
3.741863469537392017e-01
3.747521704767295958e-01
3.736735890150058581e-01
3.742117506491119405e-01
3.739372153193899484e-01
3.735850343628064896e-01
3.733634811610224702e-01
3.739286867007878823e-01
3.733341351238043671e-01
3.728643645144314456e-01
3.736226443700783051e-01
3.727653217450357381e-01
3.729910516888837457e-01
3.728909658446701303e-01
3.728297632108881765e-01
3.726122387196181274e-01
3.731952543185318438e-01
3.722746982918173630e-01
3.722430320351221567e-01
3.723041008433139454e-01
3.723896561584892351e-01
3.715928033008327747e-01
3.726463857279990743e-01
3.724299114562255597e-01
3.721404242735769086e-01
3.734154426992583597e-01
3.716740024103577511e-01
3.726476481707070021e-01
3.726642427298675342e-01
3.723371299472230667e-01
3.718698955807759887e-01
3.727215689170793045e-01
3.715983270464494059e-01
3.717914829869902182e-01
3.716362777532365991e-01
3.724150039851929495e-01
3.717896905590342693e-01
3.716946151196133807e-01
3.717490798801579288e-01
3.713328079256438818e-01
3.710453968726863394e-01
3.715345641821656275e-01
3.707238154849186729e-01
3.710729591680659301e-01
3.727796208830117530e-01
3.709567727340114529e-01
3.716150001980554340e-01
3.706045437930629571e-01
3.725973463436410005e-01
3.712036657954970176e-01
3.705682907626933198e-01
3.716747333932016173e-01
3.713570019256434707e-01
3.713166808636707006e-01
3.713189012208729101e-01
3.710147679984671654e-01
3.702347792731969234e-01
3.715090178544401267e-01
3.716805248610577372e-01
3.712740925187593133e-01
3.705802709274886308e-01
3.708873070726797505e-01
3.713420420658744003e-01
3.712751912087489115e-01
3.707877183923080633e-01
3.711494664799231957e-01
3.713248495752516920e-01
3.705473007861309620e-01
3.714614407561996345e-01
3.709211329688120173e-01
3.708721861626061433e-01
3.711378198243150961e-01
3.717023332260406265e-01
3.707347173043746835e-01
3.709087218986383827e-01
3.711309533276366257e-01
3.708925126034060549e-01
3.710095520809310043e-01
3.708544563297854202e-01
3.709476525220808951e-01
3.707818580064137226e-01
3.705255239279698909e-01
3.711081962359074060e-01
3.699766558543737260e-01
3.714000319687815188e-01
3.699681987630327740e-01
3.711866413806099718e-01
3.714392208386935734e-01
3.705576336233166734e-01
3.708985075405225595e-01
3.706538409637338272e-01
3.708106753264048816e-01
