6.943062873741361329e-01
6.628113287007326715e-01
6.310116805505356918e-01
5.982706766375751606e-01
5.614700757547174126e-01
5.189705127912550564e-01
4.731709001302348283e-01
4.305862234287403112e-01
3.993453114560787109e-01
3.850272373230936851e-01
3.814071828345562687e-01
3.811960888178204110e-01
3.817140790192771194e-01
3.825028833841881970e-01
3.830200791683492367e-01
3.821463350901004308e-01
3.814449440851676587e-01
3.810360378245951085e-01
3.818830732996388866e-01
3.816237210235046695e-01
3.810280745338870956e-01
3.810260242063909786e-01
3.813667307534766016e-01
3.811642167133215131e-01
3.810552006275788051e-01
3.811069635651406218e-01
3.803054906949976388e-01
3.811988039346781987e-01
3.804647902486236188e-01
3.810043005727126730e-01
3.810296361795872389e-01
3.816665460831763501e-01
3.804545406755656667e-01
3.808902457359416016e-01
3.813792151538561992e-01
3.802580885362511487e-01
3.801843501845573181e-01
3.793879729347068852e-01
3.803063057741615238e-01
3.809957953635297878e-01
3.802372021701855287e-01
3.811364711548521633e-01
3.801994945272988979e-01
3.804822678850356410e-01
3.797891708217099871e-01
3.793907197180124702e-01
3.795722487850159976e-01
3.797851093777417364e-01
3.790031941169825780e-01
3.793656594776374513e-01
3.786214849770009883e-01
3.785565512484406758e-01
3.779872452074655720e-01
3.766277651110423452e-01
3.760425837601292787e-01
3.749799017378280808e-01
3.736090505293247488e-01
3.739605165542365106e-01
3.737332312689088942e-01
3.736408049819152644e-01
3.742829074700752545e-01
3.733869807087538684e-01
3.730055716385273779e-01
3.732604494342766643e-01
3.726012625542836632e-01
3.729659166631367206e-01
3.727541087877236925e-01
3.722181730794479892e-01
3.721995408374118575e-01
3.722852901946556714e-01
3.730837005158432751e-01
3.727130914444021781e-01
3.720238095484257324e-01
3.722647725368451455e-01
3.720244993318245208e-01
3.721708196439922900e-01
3.717425071784096757e-01
3.721379330681170994e-01
3.718689159007884104e-01
3.717963346482199283e-01
3.721072376998998399e-01
3.722660850588346837e-01
3.715868216093446974e-01
3.720500741775387699e-01
3.716200088800624690e-01
3.714309273101437658e-01
3.721959613409377421e-01
3.713663268857555488e-01
3.709218351691019322e-01
3.714940133211839801e-01
3.720299061218415582e-01
3.714049531445133834e-01
3.715280437558362570e-01
3.715569913225139076e-01
3.713861085618394564e-01
3.711970058475853040e-01
3.717617609620945673e-01
3.707489079264582599e-01
3.707305625941154648e-01
3.705681031906390421e-01
3.716843815543720009e-01
3.713680272951102590e-01
3.712316917037434827e-01
3.710711771774354295e-01
3.704126376752582828e-01
3.712029228677701798e-01
3.697056627146959040e-01
3.721478248172340186e-01
3.708744782218527658e-01
3.712989728057208283e-01
3.708098744775888966e-01
3.708654152982333585e-01
3.715346585659747847e-01
3.704737391055560880e-01
3.719147964727848588e-01
3.702413288203227903e-01
3.711154078794052236e-01
3.704463873684174513e-01
3.714611759426332815e-01
3.705010640384945320e-01
3.706213969515220197e-01
3.714639468488449281e-01
3.706718962630305980e-01
3.711853729160043969e-01
3.702044248654130509e-01
3.705695338030371433e-01
3.699248928430798333e-01
3.709327706413232395e-01
3.703224478181132984e-01
3.703884988010788804e-01
3.706930295180828616e-01
3.704542218147047761e-01
3.701462855233625948e-01
3.700407416119029236e-01
3.696689978464551829e-01
3.699409261449626007e-01
3.696380515427739044e-01
3.695634344105588331e-01
3.689838149305171844e-01
3.689752226343919195e-01
3.694491659931682936e-01
3.692362037947078401e-01
3.692625458135730399e-01
3.693095709017792383e-01
3.694628592480520002e-01
3.693243227441913579e-01
3.689481556783080207e-01
3.690550615680577851e-01
3.688559510990265800e-01
3.689998946498075361e-01
3.687597058871588951e-01
3.693201011394041111e-01
3.689617575372708402e-01
3.692732275846382084e-01
3.690728576672764327e-01
3.688771616400035036e-01
3.689280981384556735e-01
3.692209718159588094e-01
3.688232959814427558e-01
3.687917200456911071e-01
3.690882713969352302e-01
3.689587059135313041e-01
3.690712335441816982e-01
3.689810386618342375e-01
3.689025413449842916e-01
3.691234748190010406e-01
3.687113170456491895e-01
3.688460894208685503e-01
3.681138445582273211e-01
3.684098310056768133e-01
3.691130002474176108e-01
3.685979835920246694e-01
3.688689784337152999e-01
3.689266060856686846e-01
3.690842006888990778e-01
3.687772101424311444e-01
3.687775855674432224e-01
3.696017641883900251e-01
3.696758014652064550e-01
3.684104748524885675e-01
3.689271515368764964e-01
3.687889945389669633e-01
3.690322681095363766e-01
3.695174522440672349e-01
3.687387180891181782e-01
3.686672958170771341e-01
3.686420694154544653e-01
3.691157625036595169e-01
3.688445949193567275e-01
3.687397848928864463e-01
3.688668632476936882e-01
3.691989517949537669e-01
3.686613382703588515e-01
3.684862265422534366e-01
3.685938393112257461e-01
3.690289421480337784e-01
3.689211434498533837e-01
3.688450384063149956e-01
3.687402176458729475e-01
3.685344835968367150e-01
